1783.506291
1563.611998
1692.979650
778.493967
2596.656613
1791.606194
759.783941
1193.804372
335.374980
1046.209291
70.553195
1966.772637
1282.823705
946.155261
293.382843
1097.318405
992.378726
2567.976295
1724.496442
427.978985
860.708648
466.295161
1361.804980
1019.835620
1588.778146
1380.015781
1700.987821
1048.156741
1081.073049
650.807177
1092.753299
1316.109711
1125.595351
1876.848943
1278.553846
2398.154992
713.684714
1939.825478
1303.820439
761.157316
581.344818
1082.042909
1644.219419
825.577148
1150.772229
702.157724
1315.216192
951.128081
693.260644
2525.824377
1912.338870
1327.947211
2444.975152
310.569345
103.059868
2304.934012
1059.091995
1770.416302
175.727122
2464.633358
2121.142968
592.151841
473.513300
1163.265040
1071.618348
2558.974750
635.450349
826.166603
1233.827686
1007.225093
2007.649936
2130.923362
637.441317
2586.709374
2208.457828
1528.626282
2233.642621
1337.190955
2365.552680
749.391377
1258.838170
238.482715
1608.062599
591.192514
1153.294157
1581.588400
1393.932844
737.313329
302.753547
994.885545
1755.425254
1132.720699
1191.059088
265.073232
538.874000
761.387963
2132.710453
1341.549003
2520.642473
1987.485530
2112.224949
713.879647
795.730359
692.420066
954.978820
2366.732899
1140.940331
2392.807147
614.202215
331.023515
225.342569
1914.762357
966.217421
1012.383915
2205.102807
2116.186118
586.110955
1087.374525
2179.156942
1062.246533
1035.112743
624.559267
1027.929045
1276.319194
2556.082660
2249.706637
1310.824642
2597.420646
1709.172415
507.561351
950.592284
1139.750246
2261.783804
732.030903
1245.941100
301.708614
1763.463009
798.943240
1563.061668
1342.203060
724.650487
2115.434730
953.548867
1324.291664
923.534153
891.191352
2156.421828
949.813397
1706.588273
990.022771
793.126390
1777.475192
316.682312
1613.558220
2131.572647
2591.089657
2156.261336
1634.519504
2019.558767
1119.442047
2086.484861
1807.468016
524.249375
2051.063501
1354.920070
1066.062789
1576.050153
2640.172338
873.206283
1337.668100
2244.017803
630.331123
1416.130921
2551.227633
2631.146952
1728.426613
1306.205118
1544.882850
1101.869791
2037.610208
861.743374
919.332040
830.048820
1879.348364
1062.435546
1773.278172
1807.367991
1222.886644
1456.450721
1145.744551
1077.995247
338.978802
1920.561270
388.917682
2275.840340
2116.618470
2585.954398
1453.674979
272.404292
1944.618262
2076.742212
1591.919369
1689.484936
1377.837287
1554.963225
1672.448483
457.625765
953.671856
912.344045
1075.156986
923.831334
1286.069499
1613.208516
802.927629
2333.647889
935.341792
777.726952
1567.648179
2377.850595
1302.971644
887.064096
2326.398193
1185.347685
1070.525802
1104.799051
628.182772
1580.708200
1436.625540
1550.398759
926.507405
2420.703587
799.510178
973.298934
739.779719
572.350841
2299.291151
240.314608
2287.437952
766.524895
893.278963
795.197517
2132.716406
970.226961
1968.393800
1279.478131
980.908087
965.322839
1241.084260
1044.764319
774.277541
1518.437336
242.119127
1053.644952
2026.560053
2552.737768
515.986317
1553.742404
1852.906785
1548.873531
915.911560
1723.535462
1022.729688
2359.404898
736.471728
1696.331081
1215.872380
1343.775856
2272.884043
559.490190
580.658717
1052.627148
1070.897099
1715.605744
428.550558
2044.152753
1545.637193
1897.281019
1303.875623
517.867325
1509.378338
1319.990404
2221.781973
1096.938547
2347.291702
727.380723
1181.667629
1729.424754
723.367401
2345.449444
2418.450022
2330.787669
1793.162444
919.155164
770.369775
716.844352
830.544539
186.117491
1840.990352
1337.317850
733.359944
602.891575
1139.749449
168.398921
2067.101981
1815.833132
2006.445952
1179.985151
1376.836081
1348.612722
2570.867080
1689.009995
1402.559062
527.439437
769.893105
367.252045
1416.321788
1020.634145
1168.109944
902.884503
2270.515337
1297.689929
1950.414400
1781.711490
2560.720977
2216.738462
1406.082505
1444.126210
1666.739582
1300.377575
1642.840193
1100.539403
832.265880
2489.076361
1410.643618
1474.538444
820.310758
250.447545
1688.496329
2034.851398
1309.804147
1498.083453
785.493682
1264.235154
2099.759297
2088.775238
940.544004
1063.932299
772.480873
1832.835205
1124.721452
2053.324627
1081.543524
2645.841703
691.968775
429.403817
1944.970030
1862.920988
300.841557
2551.984553
921.241456
594.780195
665.015081
1502.234684
1083.004333
741.827748
1605.020440
671.550932
1692.957251
1306.814521
1633.576246
871.905672
2167.425675
1372.606587
1362.002500
1293.933477
818.467526
1970.233555
2049.457835
2175.676629
1457.196533
1639.729470
2296.625401
2532.848674
1881.272089
225.171508
1810.462383
664.371217
787.766925
1735.147098
1228.771405
780.160159
1034.296458
2503.780287
435.655611
901.580465
1372.208552
1387.556997
975.064467
1496.082709
1665.437744
314.041707
1596.469478
444.250310
1102.534830
703.354084
2597.837294
2488.171891
2408.990454
2655.853926
2012.630416
858.959974
1119.209337
829.243486
1879.161406
1014.827768
2114.941868
990.612820
1173.200481
1765.055568
1038.607451
1574.586094
821.109599
737.749878
2149.515339
1583.704332
2570.675753
169.605336
1418.285624
438.346149
604.559675
2130.353538
950.025805
539.112837
1961.729521
2160.362727
1773.500452
1611.992490
387.809799
2028.001486
1797.693316
1654.231192
1239.187901
2649.071933
1065.278977
2094.888205
1189.492701
1227.934477
939.359877
553.546475
2499.627197
2114.075470
2635.077455
960.093825
1110.951006
2422.796648
749.344694
1489.637522
1631.808341
2255.683499
2357.273271
1146.722651
809.902996
1221.195391
1904.945128
1062.682369
1761.915632
604.228148
670.261491
796.385480
772.368436
240.452410
580.747306
1497.787868
829.313363
187.797289
2527.488565
2172.449431
2206.634618
1474.931181
482.502871
1345.261617
1072.195123
1940.606425
209.026821
639.470078
318.901532
2641.694011
22.066832
1931.438294
762.101634
386.829651
1758.042029
2335.751494
1483.220975
1759.710102
931.241923
1294.609489
738.457751
891.479783
1321.271803
1601.921426
2139.672873
2624.535069
1823.615592
1133.939826
1460.325740
1309.200805
2309.392331
660.973055
1095.135878
937.637152
2259.042568
2115.618101
1357.937245
722.117177
1333.217488
740.483113
2305.352469
2027.324495
1435.276893
813.588218
1062.158540
1178.883722
1807.249975
1385.804594
1930.112268
693.743750
37.403613
1196.357504
2192.582127
1244.256167
225.398402
1062.238349
1252.803091
1968.191343
1423.860059
2407.592598
1689.412939
1434.774611
676.652454
748.681934
775.519693
2119.720535
2507.859550
1605.923513
1579.670126
726.123752
229.044233
2604.063764
2267.891974
1615.206781
828.698224
1882.984783
2639.401855
1123.712835
1336.428052
1586.156182
783.297908
1287.230226
2535.917603
2490.227696
2297.308891
1250.431898
784.674858
1931.404953
1275.214864
983.560519
1077.979075
791.693609
1191.378174
2134.722857
2107.578646
1365.931981
2548.219939
906.077211
1819.883647
522.832117
1878.991016
1652.262597
1381.070491
1600.974402
2055.415817
1409.830959
1438.783662
1360.682493
428.303934
2199.238181
1187.191874
426.050939
749.052776
2049.964699
2209.463848
1648.793229
2389.872076
2089.587554
1492.434659
2263.904323
255.765822
1661.024688
612.067376
1956.641307
1501.118643
586.004771
804.621286
807.615767
1586.332900
1405.010522
406.634368
721.498606
2143.874487
1620.077727
1200.679614
1137.630810
910.289203
1085.495093
1097.201992
2414.010824
1772.301268
1657.048497
2518.694740
1321.606554
1906.327291
671.131971
2241.215920
893.052009
518.852886
1218.772006
2009.641517
1022.701205
995.189328
2404.102718
1446.402591
852.784342
980.236575
2012.698693
1034.043667
248.855924
793.976248
2531.273038
1262.235802
1095.907060
1006.952287
889.771738
1744.169110
1148.839212
646.936679
2563.403806
853.365588
1652.801711
1899.703188
1798.447796
1660.225747
2066.212938
1399.114628
1613.232247
1235.262681
748.423593
1222.880444
555.673303
972.586514
469.490799
1210.659590
1743.577618
1322.807779
1630.592278
1055.026697
827.841644
617.991453
1564.552964
1347.717133
1074.455922
2607.059289
941.826774
1009.629253
2049.936328
344.182025
1002.164488
506.652658
883.470668
1501.680276
483.169905
1885.902385
840.118069
397.809547
861.818250
1448.000705
2504.908893
396.523973
2012.391683
1348.534359
1172.770322
1697.100074
724.676922
140.803589
2275.508324
1144.646609
975.181250
2116.698340
755.850770
2593.900647
1273.652677
1844.716024
1873.064152
2077.329006
1010.956144
2421.490168
2278.941916
1767.902563
1994.427344
2040.326948
1375.879537
1257.433255
1950.866315
1085.703979
492.453189
1603.413946
462.610314
2626.447164
743.301314
287.766741
2193.705875
567.337874
721.605867
2307.943451
937.809728
1613.585951
743.544188
1156.955445
1881.071867
1200.814936
2155.372981
998.350508
1863.906480
1715.914794
2256.526925
2093.230364
712.105462
1228.889189
2040.621456
2193.315673
606.738901
860.599077
1500.345714
741.132512
2240.641838
1695.524397
256.689468
1297.326181
1484.803937
450.584627
917.351275
1053.054589
1432.158462
1120.607638
2263.616688
2321.727872
1156.319040
141.613579
1760.466764
406.766882
1838.737701
1543.346869
1199.751069
586.894780
1283.208215
2552.032057
1145.186003
1471.594653
1946.415809
1117.558359
1016.971133
459.177280
907.854194
2141.535144
269.429149
1325.399367
2244.567024
121.178419
819.814687
1337.053441
2207.454676
1303.788796
2425.960139
542.362326
2063.792913
1229.966275
792.473740
504.359220
1902.073211
1244.728685
1387.899542
2274.724734
1460.668916
962.303925
1804.244079
2331.746195
285.011990
2499.211287
895.170080
520.586928
1179.732075
2369.843338
1130.753901
479.054180
589.570562
2607.564368
1513.103066
1288.132410
2611.239104
1463.462105
1222.622985
1052.358734
401.738583
1200.456901
1165.328771
1326.487982
1309.545819
864.089165
2168.669520
2390.472058
883.637309
1370.442045
966.330823
1054.998049
2001.787415
1251.973912
620.899699
991.708443
1794.673827
912.278683
1323.300438
1020.164100
2197.459700
2521.299675
1648.949495
1049.156975
1527.253281
1138.344705
1692.942199
2233.449375
1294.263664
2563.694482
1931.069139
2057.484914
377.795702
1272.989899
211.506684
2561.734980
1470.233920
304.058349
1455.357835
384.317190
1352.967861
1977.888284
685.536812
1989.577825
777.092039
1193.831457
2645.420897
1229.250652
549.122981
1943.380047
487.317229
1719.983895
948.145672
1083.941989
1213.369160
1953.216317
1452.326142
984.986534
1203.064480
1009.725884
789.244751
599.893131
265.034617
1194.175855
1249.538283
1081.291890
758.590931
1179.757805
1228.705895
645.398105
2403.022373
215.446222
1861.131569
1272.703145
1858.093273
2336.174314
2078.508783
1452.700568
1387.573423
2634.259499
1399.316182
2439.023366
1391.915087
702.179982
739.948057
2535.820918
718.162443
1466.009363
2127.627994
1447.698763
1122.390968
1460.992790
1343.520986
1204.564231
1414.682021
1316.334563
1519.122022
261.366013
1537.530367
1167.282526
984.616702
1008.787035
1407.116688
399.903867
1327.563410
1157.706797
1576.819683
1305.764991
1999.017242
1650.058403
948.601523
1472.438598
2163.858613
2350.821909
1280.293300
998.187407
1111.268730
2184.828602
1576.715074
1393.638775
961.198161
1730.139332
2135.775064
1989.281739
1869.668487
1667.020599
589.828772
1473.178726
1541.610585
1056.012460
755.475726
1469.346089
1290.539826
1728.183748
1083.626569
2629.893803
947.421564
1481.912915
716.874711
1186.688025
1370.885969
1222.989427
1290.392200
1197.283521
1172.886098
917.732029
2344.782866
1665.760682
2506.136269
1215.328066
954.338049
1329.411021
1313.674130
1280.488339
1382.458621
1016.677940
2511.098091
2495.972696
217.099548
861.753990
1419.396075
393.357446
2347.265392
656.735928
1892.969703
2022.446687
666.810807
616.154191
821.918132
939.478218
2052.335363
325.633740
761.811037
2397.859441
500.433090
1312.024097
1721.269880
921.147576
528.975876
2231.221031
2179.823584
768.475774
781.663618
1795.227832
1050.004058
2389.791957
803.960582
2639.744078
1694.597120
1821.408804
1153.295574
1591.752535
735.716590
657.895077
613.373909
507.013344
1084.939097
771.760353
1815.365732
575.239274
1394.092067
1195.421725
1974.206557
1543.015473
682.509002
1026.217442
924.708369
995.814482
2630.491467
625.499537
1940.251745
1273.215487
935.934965
2053.405066
1965.157599
829.664209
1092.609278
1829.707629
2316.721188
2124.125280
1289.253512
1621.035963
758.561126
677.594409
1471.599493
511.003349
1196.080562
776.244736
1356.153181
2233.148451
1400.748379
754.757323
960.418280
1966.333425
748.119799
1567.246132
1517.885992
1577.078255
768.283971
1641.760792
1381.519517
2104.819342
1441.552148
2368.662650
2033.067379
2067.197920
222.972490
1588.026436
1204.514793
871.950372
1020.807954
1204.408604
862.694114
2208.597825
1604.155172
1782.350159
1030.757154
1335.809342
526.174509
984.402430
2010.283936
2450.716017
1940.530902
719.230610
1394.161091
1291.990879
366.044421
1395.453490
1824.744421
1145.375004
1140.767023
342.707033
1241.680553
675.300118
1058.719476
845.080291
1296.720512
1452.377905
635.989953
1973.104456
2432.036503
1074.833344
2334.678581
982.420452
474.358305
2127.868624
376.048909
842.117286
2120.193405
1631.383331
2055.449184
1142.134560
641.152396
1835.334086
1177.883117
290.622050
1274.917978
2518.350621
1459.049411
2587.425977
741.781455
1453.717923
1052.749456
738.250119
447.277422
2073.744282
1137.523629
522.649262
1612.194396
2283.248445
2101.007654
1811.872115
1235.741874
469.276028
1642.637341
682.669352
1541.348555
1023.575128
1082.594740
1394.436698
1500.177975
918.188999
724.267343
1659.138284
1500.863841
2595.104066
2529.076748
1484.353778
2220.666031
1050.240586
2324.662408
1161.381231
2426.126740
791.380071
2070.801965
316.871744
1003.532035
1787.763569
2320.305858
1071.021840
1432.697609
2265.021659
939.158605
667.632871
1103.244377
1042.822133
1118.627216
1325.077320
2312.967244
670.956074
1560.658161
2360.025866
505.878140
1491.259367
1256.484819
946.186630
1567.063787
2615.475729
691.558867
810.082146
1055.156137
1043.277572
1030.919871
501.568806
1443.648608
887.475162
825.915153
1854.189527
1815.110319
1949.455730
2295.850871
2137.040077
1298.026754
1550.233991
570.945337
1358.397435
1388.984697
1114.354761
2136.062222
709.896086
647.889936
1308.084595
1510.768652
662.700858
1369.100740
767.144822
800.421432
721.608760
1717.158160
1158.878017
1191.790602
1919.568258
826.575085
1668.763473
257.073614
1281.142651
1112.836318
1792.880817
2026.859874
993.446714
1979.578819
801.947733
2112.925680
1021.779373
371.817896
1380.112616
1377.266861
1397.368184
1261.870457
2288.466977
948.053901
616.036308
1730.892268
215.849751
1785.666155
1799.312821
523.709337
1590.181422
1252.667876
2414.320100
1309.241217
1447.919926
1244.715294
952.605961
926.321516
441.409095
1161.402300
1406.919197
1071.191974
1391.086428
1579.469311
954.720172
526.637620
2518.054727
1075.436147
1138.910572
932.839151
1086.368817
1098.327829
610.839433
149.724043
1221.631023
1254.784304
1557.256945
870.143122
2305.741908
1558.945404
785.793389
1059.469039
2241.626390
628.022042
1712.578235
2470.567490
823.476787
1659.088622
1103.805574
1435.460769
1030.821609
1859.894537
2370.256702
2313.428655
889.390694
942.838594
1989.749068
2373.992959
1171.451501
1593.518930
1230.891249
2292.469814
793.315730
1546.849742
1667.039279
736.105224
1657.775911
721.422077
1409.511307
2526.731971
452.594128
930.462922
1102.776293
1191.171223
1038.986174
2334.022843
2525.876237
2584.169361
864.886073
1362.856940
2285.629356
1227.393706
1678.030227
1742.370056
80.876371
2019.188145
2046.699127
1840.647988
964.302349
1137.796215
1921.040819
1630.894806
1967.953364
1299.143805
64.283660
475.589118
953.356524
2621.131402
1121.886556
2266.528849
1233.054392
2612.254432
950.250113
995.941188
475.255875
2397.032272
1552.192298
1762.228480
2200.673765
1264.311579
1557.535433
448.267850
811.236278
1666.809021
2489.690525
1362.181525
1890.781397
1541.341813
275.045670
2009.741949
1108.861793
2211.443487
2476.911661
448.340969
2275.612127
1487.615431
877.040826
2648.152495
1625.540216
1217.112866
249.762849
1106.178614
1404.060030
1280.335867
1318.874976
1429.961175
1979.475076
488.226052
1794.906939
1543.595189
2226.942107
811.672603
1027.881468
1312.863945
313.772481
966.751420
36.612136
2163.869705
283.463518
1969.479533
1963.374626
2350.797555
1034.191251
201.725653
2330.200514
1332.970904
2368.936108
1273.305143
1040.672789
879.948589
1282.439033
1672.646266
517.479640
1232.926050
910.020174
950.646258
2571.583801
663.776637
1622.486793
763.929360
1344.115011
1310.272072
1496.645675
608.868186
2352.959902
587.106354
240.761182
699.900521
757.176028
1541.794045
626.381624
2461.047698
757.581541
1997.394571
1618.479524
1652.231376
2493.019516
684.587631
1268.028005
750.054002
2003.793264
1173.762462
1467.949429
2575.707797
207.872210
1753.336201
769.320604
384.240464
1319.393291
2077.755378
1054.577433
1608.693956
2320.128561
1339.293233
1856.271111
1979.074125
924.767148
1364.873960
1456.745136
1947.100503
1258.067027
1499.900393
1295.126436
671.414669
2415.566694
941.273822
763.395217
888.934584
2614.974504
1175.331750
1362.352258
2000.201669
955.459968
899.647202
1125.570488
601.575061
1984.659203
594.154255
1102.982381
331.750657
878.961249
1103.890713
456.679766
1598.064556
516.192931
869.992577
626.455306
1308.526172
187.285699
1562.776225
1038.513667
2178.605138
305.926567
2062.851527
1678.774605
1994.290759
1030.243315
2230.701720
2294.047600
880.238670
69.187495
1990.637791
1503.137426
1529.976550
1235.093285
996.076156
969.736901
757.172700
245.757466
2035.324360
582.695581
474.357177
274.621428
1621.408545
1008.452935
1287.686631
2211.491792
944.674033
2155.331525
1868.814826
1969.381002
978.308658
2609.744154
2084.640912
796.747469
928.024125
1894.388166
1284.023328
1460.813711
2171.672770
2611.436148
944.697831
1721.694376
1102.400723
1061.534765
972.490137
442.603288
222.076263
2634.938870
2304.811148
678.309951
1244.938488
947.338999
2010.531971
2162.010544
2048.745119
1007.873993
1030.820138
728.957256
1918.406759
743.969898
1297.916989
2331.248779
773.653821
1479.709432
721.626789
1135.023269
1318.415015
835.559341
622.660268
1186.088251
1952.283724
1502.251482
453.817222
949.212237
1130.592474
1505.012632
916.316821
889.442941
1462.571178
1334.627578
1073.881025
780.942837
1431.715047
1294.474735
901.061289
1826.990540
445.919394
1267.995470
798.073733
1791.891960
933.669217
730.576921
1913.612841
779.728546
798.053216
1669.426474
2300.748318
639.641128
816.652497
734.904722
580.566924
2078.583200
1629.449342
1098.105345
2220.536157
2180.446274
1354.019282
250.406313
1516.750400
1578.178915
2536.074840
1367.871624
1366.146858
736.286364
454.319215
1365.907454
1014.829021
1621.754286
1134.916020
1080.987793
1295.675418
2605.090444
1485.310935
1658.348424
1111.462081
1083.932578
1166.151610
2063.238708
1262.725829
1451.585850
1063.029665
1375.845998
1096.452283
2107.816621
967.377046
1012.268235
1504.971141
80.716678
1350.903963
1229.132357
862.350577
1048.164541
1202.038638
590.768094
1382.486711
1286.404156
1323.754358
786.256262
377.419718
760.709130
196.780197
1527.973826
1321.909427
2609.468531
1626.971175
1971.135017
440.688029
1098.750816
1204.288935
328.303807
1692.791181
396.197754
1885.227570
1218.616346
837.041234
934.445613
1325.607174
683.051990
1722.638266
1018.917621
434.714033
2528.957448
2616.429250
1584.311193
912.275214
1172.170915
789.738451
1983.488811
1556.938983
1430.827106
1076.368749
1983.069522
891.577256
2139.644733
1890.628009
1159.802161
2565.827019
1394.289358
854.602321
2271.703979
2297.310531
886.647367
1062.310931
2328.919227
1275.834051
804.637353
1661.411283
974.297331
1449.296774
1192.467934
234.541071
1198.508063
282.336937
1073.449289
1159.185111
1271.199019
717.400545
774.252804
1108.894881
1772.816013
934.114060
1584.493118
2520.213522
1317.083404
2157.547920
1309.399807
1604.055554
755.587944
474.128726
496.891378
1860.061461
524.640951
798.019852
1013.315272
720.214845
1369.043750
2543.651917
1225.890333
902.740887
1801.895578
73.698090
366.075255
992.068568
1645.821131
1818.943443
741.286603
2164.410514
373.484933
1151.007319
853.564189
1832.937042
1224.415617
1367.866625
1206.211142
1185.022857
464.008315
2214.519123
689.599630
765.407203
2130.870957
2310.465078
2530.946498
1349.324963
1653.045724
415.623270
1408.966652
809.865691
1929.470371
2261.451503
1226.643672
1115.828571
1129.881873
2655.213442
880.949136
979.739255
1565.307379
1652.610645
2070.936721
581.695328
1214.544550
2316.654910
1129.300446
1966.791510
1222.003396
1653.231141
468.209671
1797.185510
1617.068498
1182.647766
2096.912721
1267.156716
366.060315
1635.944807
662.295892
796.539697
1268.674764
718.672183
763.408925
1406.778364
936.513818
1140.243318
1581.968527
1038.952740
2096.660762
2314.436869
2575.343345
573.596649
1290.735007
1204.631798
1989.154295
400.937745
809.340230
908.056499
1299.733678
1313.231872
772.838733
1446.848268
725.825375
2375.234250
1305.747224
2195.432488
1636.354278
2219.273366
1823.453192
1428.845142
483.607354
1023.992415
861.936558
625.159473
1317.905034
1860.901202
719.418487
2168.730189
1675.366514
1598.917731
2143.362048
1156.718224
1136.855766
1716.525178
1299.462998
2590.031712
1126.824836
1669.929704
701.609987
697.685635
216.152853
1647.048671
894.135621
947.376342
962.526588
276.223797
503.015616
1154.623487
876.128903
1707.055155
1865.686881
2247.645522
1123.542875
1399.759003
1347.008617
967.425954
1088.629743
710.255106
2561.620577
1467.425458
1641.675617
1529.047527
1184.692367
786.309801
1148.540441
877.185367
1509.790603
1629.941238
950.064634
961.784056
723.159324
2350.223499
1876.897584
1905.263932
1282.424971
153.883692
943.876670
1660.182695
1080.865911
1354.916636
1488.715813
954.632364
1183.888840
1559.018628
2257.433019
1678.457605
354.570582
1249.906953
356.391923
767.166385
2013.168736
1733.761645
743.737063
1166.122325
533.561625
1330.756652
2213.502374
1107.820990
532.908561
726.729293
1198.600300
370.297724
1378.636254
2018.057676
1149.263754
2076.944875
1796.037937
1281.625050
143.139063
1394.193629
458.989252
500.998276
878.559332
2240.128538
484.055236
1219.149675
805.435185
1137.649218
826.831511
1704.913866
790.873790
1491.086312
2632.960179
1202.702561
1532.224089
854.899123
1167.725510
1813.171668
442.195130
506.311124
1891.235118
878.650441
1123.259551
2333.899924
1253.260449
524.599028
959.283727
598.620970
1337.188780
446.831825
2553.280194
1943.114328
1214.987303
972.487241
1845.355235
794.578978
2609.085182
1215.685377
2482.079994
2252.535148
2574.285633
1605.275350
929.335094
1819.465641
1022.336682
856.209804
560.316774
972.012760
922.960150
2511.578425
542.237369
983.578655
624.161572
1160.727196
807.138499
1057.576080
1836.869531
1271.836275
383.702872
2030.895189
2211.564860
836.415105
924.584821
888.745205
1728.911918
852.681372
939.882883
547.975077
2582.553984
1136.914181
1545.377002
540.708295
1744.504838
1016.610949
185.349281
361.998492
1133.902654
1936.718419
548.826943
2019.188472
1078.196091
1519.779481
1046.794854
2449.628425
1672.169070
1150.424016
1438.169920
1072.560870
2519.778860
918.434876
1315.022776
1269.290368
1198.280970
1267.571287
2490.782885
2308.450186
1278.275941
1833.644648
553.050679
2106.300539
1269.900683
540.666672
339.405043
713.742915
696.801258
962.826307
1694.860084
1846.658916
1089.376439
2490.555357
1357.961481
2414.908031
521.426873
1023.891299
1149.199350
1694.663069
1256.702678
631.724527
2324.541995
1537.921186
2295.439368
1929.622476
793.444261
