208.955648
291.938176
222.968498
188.321929
219.595373
286.640165
130.140643
156.124544
264.676995
161.291674
99.903471
179.565823
106.514599
124.764629
151.231389
181.366866
149.214798
313.783825
235.325892
21.581394
220.341121
51.811306
154.713081
297.667801
138.662882
158.601088
154.325481
140.302868
188.519178
123.425156
107.664245
275.284664
314.469665
386.102439
262.502239
289.508041
45.181891
284.151797
372.852588
202.604782
115.093985
168.088386
236.493033
232.027188
294.583760
138.657033
184.564269
81.769723
141.218434
268.979548
147.131345
378.091455
77.568937
258.762926
291.259947
182.641278
155.266065
299.265074
205.311065
201.201464
183.539808
126.661619
187.484923
178.975506
115.513292
354.504689
183.646275
182.065458
191.913994
148.777311
157.536854
146.513492
152.942271
218.506576
179.273006
59.901658
277.795653
206.175197
237.542195
93.617583
255.411672
117.215455
329.281377
38.110725
195.692923
311.870344
47.651322
118.132068
60.632285
366.221566
96.321381
249.291880
102.261046
31.074988
45.470903
29.600765
150.431971
265.043856
208.697641
76.748464
100.413894
93.022340
123.643947
378.849006
115.031300
94.249313
155.953269
107.255074
89.315882
293.852617
160.777453
222.807636
349.781608
231.798662
155.232418
197.484466
205.267815
193.558227
202.924267
222.551760
91.748244
356.203442
379.056579
179.292081
256.828309
218.160008
266.627996
102.601775
233.280283
113.936732
378.228894
129.470349
261.242113
142.407384
161.782929
209.366321
83.948401
162.959692
112.955246
217.588313
75.788450
276.244331
298.086625
291.763987
117.094285
99.895935
372.107284
88.116444
288.352439
115.053845
141.325951
325.624127
134.630472
309.861963
369.096046
89.765543
382.806625
318.182605
321.562118
184.954519
266.372223
359.300802
276.111235
166.110963
211.455038
347.212426
349.628378
386.446369
202.198007
240.757684
329.142860
127.435376
174.316447
130.366674
311.666460
269.143982
166.775653
61.962506
151.190320
242.800616
76.948316
155.832570
110.541779
343.440157
281.809896
334.239139
267.911897
104.287955
251.390396
146.545609
76.214828
84.431180
135.742612
178.334032
60.680721
290.305166
351.479518
177.052723
155.426304
366.466776
285.600521
183.116578
65.231594
213.795399
115.086311
253.065458
98.636471
134.649376
120.219218
112.210316
126.863432
221.323114
253.330997
133.686397
354.444298
386.364255
189.584697
323.384543
187.882332
197.488411
83.965184
352.518234
183.332950
152.346228
224.133931
103.401739
149.597713
173.223427
94.318995
74.993372
329.929683
260.458456
166.020406
190.769101
166.983788
390.077271
218.987097
40.378937
59.717281
151.564487
203.848913
127.179577
254.176759
307.514335
19.869970
191.276420
389.070138
96.094558
111.094398
200.696643
332.990851
124.709924
211.277679
228.838661
387.595020
152.436862
60.307908
310.990472
212.254300
114.205675
124.758018
232.017506
377.749475
176.322896
216.942244
368.725342
341.811985
145.997106
176.596098
49.362300
65.329373
48.155624
110.328674
137.303195
389.019318
281.941708
242.242441
141.625523
65.598195
367.852877
169.474946
345.753081
267.118323
127.822859
28.603976
95.118338
141.308465
51.813455
358.591555
200.220191
287.627342
35.361169
100.218881
202.133571
47.033846
61.715464
64.597229
188.541481
89.595287
219.569995
97.161715
292.848072
62.691995
319.241476
191.871275
324.068850
147.964927
106.919201
326.532010
225.692167
180.654795
349.678960
125.525624
151.848274
265.729296
192.860464
212.062062
270.097083
82.266306
235.341329
145.237355
171.069966
161.501125
280.351429
322.525770
208.275625
255.233973
182.414725
185.692227
156.813302
141.787064
50.495442
203.415339
226.333965
121.140913
156.507007
88.893866
236.053527
246.212488
131.141575
102.489583
98.668021
149.539964
299.864458
131.453010
136.477052
166.520439
217.689094
241.768654
189.468956
104.878528
97.716882
345.202082
110.236415
85.473878
316.012816
314.371627
134.487820
272.416943
213.466386
95.535611
65.372856
114.247263
94.965319
15.390357
163.416260
153.872941
273.745513
361.446706
123.181613
308.961404
307.587035
319.581149
141.218443
220.323821
58.374521
278.946852
351.240966
172.549162
145.189714
139.906792
301.531171
354.199475
206.936877
80.174492
283.116720
142.816261
103.689093
313.736567
378.090290
170.957432
145.750317
316.131729
63.708611
132.705117
21.890573
184.079012
147.410129
61.783664
152.458177
212.276901
104.939779
170.449808
288.761377
191.245331
206.543983
311.516583
351.582665
327.403106
339.834644
157.337277
190.645520
189.197270
310.812579
103.486557
300.519015
285.019177
151.001132
251.246981
79.571743
201.054339
109.931418
102.044443
188.498338
136.401383
295.202316
16.438656
188.760944
92.058664
94.936399
331.628046
99.548678
15.287862
147.068684
297.077209
345.610205
372.742180
99.142159
211.624328
99.563660
145.107818
168.617637
249.189368
382.478458
196.317606
379.349211
122.683920
286.443933
202.182979
324.494031
305.723612
188.819294
149.284521
194.343310
278.750067
142.870214
212.342197
262.063104
325.523722
203.455081
173.161694
199.957833
50.208077
130.352088
59.152811
245.660207
95.642078
124.112447
51.493778
192.191950
38.947394
80.753900
145.968509
117.002505
278.815536
201.410009
334.222779
200.768721
298.327572
37.236138
66.446471
253.576839
301.664261
108.085714
27.640522
82.323444
358.160491
116.522555
166.895251
101.967036
317.848455
198.532391
188.424981
240.992030
86.114585
26.176570
336.761588
111.734228
3.189360
285.056218
246.645017
301.710869
389.020309
121.670899
368.237840
225.595983
45.358799
304.947783
92.095801
112.581061
148.843413
177.854443
318.058352
93.141515
89.619261
176.545521
248.121378
81.584551
366.384512
298.656125
256.259496
248.660710
213.462255
260.113388
153.012348
249.235435
125.507546
122.814068
232.577188
269.434832
222.258351
245.550603
231.867297
112.758637
85.564486
205.970896
349.110009
278.095935
202.379218
172.789487
176.431433
73.732219
125.529693
301.350089
252.613412
205.118642
87.267100
11.040042
371.646588
201.107405
246.521751
104.649808
367.910378
330.617024
86.628586
269.781822
380.161592
137.580744
355.293019
345.816071
182.936899
155.882803
133.569264
24.688631
177.364400
14.185507
152.820560
40.513172
116.542570
246.485502
251.039686
150.819444
219.566695
296.038529
182.448599
81.818106
207.607142
258.835200
66.019788
159.286114
206.878014
121.809939
285.770249
95.791667
361.854294
207.653921
301.590581
158.668203
90.473410
84.594619
262.249552
215.756089
158.250812
355.187098
251.488323
238.174787
340.419087
363.055538
311.662741
168.046151
137.530682
302.433761
266.907309
213.724723
183.335764
156.119048
314.670567
146.880639
168.131312
375.699236
119.843922
278.647990
182.690238
190.465724
53.744436
94.378959
280.220462
177.401774
220.731083
236.546787
182.924039
200.104745
152.916427
314.980636
202.562986
182.600270
320.645900
191.476900
44.390134
247.744636
192.714339
174.809339
118.640443
114.540059
288.156614
160.221442
187.864998
136.451460
127.730267
391.815721
70.843146
138.286332
287.196687
193.129516
159.879804
295.371656
99.399289
65.274276
163.194789
288.790244
327.305653
250.808676
27.731251
135.000734
129.978349
145.342583
340.275139
144.371722
255.311821
101.074540
269.128669
97.193583
189.677128
133.346241
112.333736
188.546622
110.826364
247.755695
181.570449
126.550357
136.452588
100.924076
260.508948
125.613941
162.964547
238.507501
100.546050
347.995911
195.534059
134.814520
172.509939
135.326153
362.694382
171.019377
152.512930
169.438343
221.905366
364.586153
123.333275
113.637309
187.855812
305.756755
113.728448
188.729632
158.278350
69.315747
344.381250
257.545250
218.676475
380.502821
97.874889
179.148458
377.621825
256.659935
232.580486
227.363788
299.279101
253.274499
199.553214
272.633173
389.222961
185.204779
63.263667
322.728315
109.922987
355.648706
85.205682
264.222105
378.160536
95.277222
76.353699
327.314807
45.691437
231.442982
107.038494
185.916650
184.543967
62.823313
232.828772
340.440123
200.401993
87.166444
272.498970
404.052059
275.177599
138.979800
305.655976
145.017663
90.830705
385.154964
107.380046
178.499861
107.766749
249.538591
145.978151
358.419330
324.902506
115.366157
245.323184
130.667940
240.286098
245.897115
149.549176
271.406443
231.498916
327.196714
197.988239
185.205221
133.037860
292.691739
155.372132
228.629374
168.492563
178.889217
194.566407
101.732291
198.245026
344.000215
213.859569
194.498358
108.472401
361.028913
86.845880
141.733322
300.608189
162.682726
173.138175
194.326703
332.861744
384.588966
320.268165
179.582239
266.391717
182.013463
264.171788
83.576284
261.470777
82.793456
347.310567
169.547080
337.325559
128.182661
62.115750
263.489720
83.934029
282.288219
115.257629
203.211639
336.453089
197.452121
273.649466
270.213211
104.253466
221.282024
88.413040
219.508111
138.084223
126.362472
255.141891
122.878307
147.725236
247.700577
133.515515
359.391292
91.334043
198.346221
340.622747
356.423022
43.706515
254.690386
136.801041
217.321059
176.182216
127.840986
6.497458
70.337467
187.780662
144.183659
179.622344
138.605480
198.590227
383.474173
238.075613
229.683304
144.943616
308.201200
237.227747
245.275396
164.752054
256.782201
257.680428
277.725057
47.232808
313.998610
52.700347
383.243563
198.223976
163.984975
295.408649
115.109440
144.819835
280.887553
192.544435
266.135608
51.647136
125.810801
378.321536
86.616555
309.709338
244.801322
67.364330
204.492680
173.049870
251.665534
194.119950
349.371208
204.677609
7.655676
197.425230
231.726598
127.807567
64.481007
172.113593
157.754858
292.715545
144.824570
141.963596
116.105600
171.876403
140.581675
311.803592
79.105269
197.645896
313.896818
345.320118
201.062513
360.851553
180.459018
187.792103
122.335757
212.858646
178.104195
166.395648
137.734277
105.169378
388.861041
321.685666
170.267823
282.226268
353.149653
137.515515
61.712431
165.082867
311.681780
132.396623
118.944476
181.600225
382.790304
202.143266
92.627279
76.391827
81.954009
217.607597
163.216386
219.491684
220.350198
123.231541
288.561321
159.216233
145.696193
228.943849
292.510079
93.751927
150.645049
110.085208
201.797543
32.056173
100.997763
79.877085
116.437637
150.410550
294.101175
97.340893
81.062969
82.456969
317.945804
287.041812
237.796358
81.648312
232.555368
258.973502
262.559269
244.246091
254.976060
111.233309
113.534573
88.398803
164.550461
163.543806
146.860725
20.334762
84.670447
61.564601
103.816114
215.930150
222.599801
231.945560
278.297695
86.636351
132.315864
367.723593
7.480622
347.682910
235.762277
295.534396
228.002403
36.907747
44.199085
294.666012
91.131851
267.968606
115.347823
58.417695
207.378327
105.047131
86.499625
129.568312
144.556130
225.219640
65.289008
102.432582
310.403871
102.860298
239.944461
232.424967
19.259056
125.960612
194.978391
249.865158
100.484206
63.469491
313.843602
139.422241
171.209081
68.652223
205.911892
248.847193
210.691481
226.186243
237.049632
159.518933
140.641848
82.266074
117.699590
146.636765
92.067407
28.771931
68.193452
175.205400
173.302111
250.183277
162.952396
65.261212
111.307527
81.573814
98.187558
143.609488
134.999256
354.599541
180.649763
184.969218
290.732235
280.647942
50.791486
49.288687
218.378037
177.708340
331.215205
252.873210
239.174535
169.659841
194.946564
120.521318
133.108405
67.974605
88.199355
195.222298
270.635267
167.293837
72.590085
78.876625
246.529598
113.402199
207.467944
304.954013
166.642492
239.443807
182.582031
233.686689
254.892986
135.969239
305.449016
252.394770
162.368287
51.105848
212.745101
106.605939
70.330939
25.092294
114.029533
79.102784
189.008832
364.959204
380.547217
219.201687
155.250305
209.355295
50.001654
53.319724
369.891076
212.376828
135.100873
160.992360
302.808934
130.794891
159.918305
157.082630
183.044976
59.643309
103.736250
175.406890
88.254598
189.946480
87.557418
186.965934
255.977675
141.987368
317.626321
206.404679
127.494393
185.795710
42.049248
159.168546
212.704233
164.120736
257.833091
194.956210
327.915677
282.340422
93.628986
104.441722
291.060031
154.058624
260.836399
201.251493
342.958924
354.132261
328.406282
125.051022
48.794045
150.205209
99.676608
136.096396
119.418787
182.619993
179.032579
221.044366
337.330455
290.428754
43.032010
265.030387
67.788832
81.683978
65.933841
203.018854
188.255629
206.071277
50.499242
194.381266
174.927827
238.470989
196.632512
367.076254
169.958658
182.131296
186.780803
269.320691
305.506438
354.977612
171.324415
269.512104
83.202994
129.764558
294.209504
272.739478
20.206804
276.658099
226.965739
127.370122
162.573772
183.306045
56.399117
140.366491
109.892773
266.521083
137.727900
288.858774
345.247934
243.170374
166.304498
303.960832
235.519635
55.153343
181.273710
123.164194
99.048918
237.494822
182.666161
373.685107
95.924340
127.551744
111.723960
144.361024
127.860688
141.124695
293.058725
221.326161
376.836555
177.400263
47.138359
165.118291
388.576655
157.446714
283.600102
194.393069
251.092151
58.285744
381.047045
197.669125
164.966734
388.219471
151.793502
66.157876
95.432646
200.285045
95.175261
336.846692
123.423050
170.688717
269.400188
90.021209
132.709827
160.006783
227.552236
237.447925
103.942931
302.350534
46.014140
132.099767
130.899164
126.296527
181.655161
172.977580
229.587125
111.274437
181.039857
127.073963
181.216408
259.737626
158.626480
49.885340
304.325452
124.714070
235.935651
246.070973
222.833243
181.650948
154.577774
234.121102
274.249114
233.552067
108.964693
244.616618
187.840207
203.266284
157.827486
186.587899
263.780963
90.281216
369.057219
260.781638
357.255916
156.547690
127.648609
136.917211
97.474884
66.050775
298.595694
301.970951
290.891649
102.291145
215.240182
249.905001
248.542337
157.240102
179.778024
75.465867
279.400225
89.518361
185.842320
281.044358
318.008278
384.839528
296.606091
348.697483
126.582047
383.451824
62.861863
114.377165
208.111734
387.631151
178.071617
322.345628
176.856218
295.500541
92.216214
68.623620
227.592747
135.916713
199.958950
378.351714
221.717650
171.008137
70.848160
72.064243
52.836943
27.816893
140.966250
118.083318
292.169842
168.743615
329.468543
202.276458
16.327284
172.264428
166.040756
214.803341
226.423207
295.879124
144.711140
164.475604
338.555977
332.261431
218.512853
234.678000
283.434360
276.762524
270.119805
170.392528
17.636409
123.496663
123.013634
124.508039
349.217319
326.336529
237.325264
199.948836
333.391567
72.981234
93.249649
315.080009
202.325086
237.083781
364.901991
360.495188
229.989440
143.283836
49.593118
274.101416
192.762352
196.602156
143.785522
163.511062
197.726487
293.165811
193.576259
318.549206
330.772480
107.956066
359.629369
239.062072
128.085387
123.881002
206.948425
188.947791
203.227529
385.310218
177.985563
212.230123
65.685705
294.057571
271.342524
198.754922
163.963156
114.337998
359.645432
297.801491
233.734554
118.917292
189.829563
168.049191
138.345103
317.873959
296.206115
299.651584
136.866174
30.338885
50.759161
173.342315
177.128809
48.603386
307.593039
169.132553
246.257503
187.936292
310.929954
226.683391
260.655274
214.441471
317.041056
158.177760
283.898055
84.377371
353.723392
107.503681
81.831059
155.920131
229.375263
82.674448
291.012642
148.491475
183.142072
86.581891
182.375317
178.654050
133.146716
361.790446
77.785826
164.886628
254.270428
176.566847
346.258472
156.339197
172.384596
211.534655
379.912942
128.652733
291.576161
379.377791
202.087497
287.053929
157.518177
39.587597
88.306199
191.108018
335.282577
138.189500
168.434933
169.906606
114.559960
213.346082
166.267572
106.625936
274.097585
222.904189
93.810453
244.774475
261.610655
184.355836
210.785634
169.934873
124.996030
178.852510
200.032989
146.865087
170.352535
364.153178
125.973187
149.123931
189.467309
95.642563
196.633997
17.796158
127.982225
123.626590
239.590186
249.218140
275.739470
182.069954
189.034946
133.857505
109.332436
203.810691
118.020354
40.853824
287.793270
332.118369
10.533156
145.998614
121.037224
246.751078
64.016690
302.786547
266.921920
151.117562
46.245685
241.212208
149.434540
123.189716
138.538226
182.201437
109.527785
188.694823
119.211679
177.211823
108.875696
177.401841
87.262096
123.308367
125.935292
377.784014
309.302688
145.208207
333.190761
186.898624
88.057310
53.077736
359.254636
53.770697
100.730918
68.852820
226.755713
240.961935
350.242476
168.431491
387.657407
58.334518
279.042727
70.209825
214.091581
168.379617
231.564872
244.543208
153.809785
204.247521
301.287106
115.881715
121.202124
173.575600
369.520820
125.215067
59.108945
163.227263
142.564138
375.378267
139.751725
349.610217
264.601241
156.935820
214.448252
30.408519
343.716802
246.915353
96.243765
207.168785
123.485235
167.927850
147.215416
208.170375
170.478168
302.777507
133.097250
27.468607
103.119249
151.491363
292.827975
268.935709
263.806468
227.049942
191.777238
135.959792
225.821223
195.205946
161.792939
213.087281
160.211596
161.098965
144.102653
147.013021
211.293704
82.525339
372.548480
243.669483
58.011351
337.816307
155.444623
60.497808
120.066439
222.160860
147.462230
263.706103
306.160654
66.522120
126.066049
240.766100
130.752011
304.480718
25.766679
80.703046
202.481614
190.198243
178.215300
144.178282
209.809769
123.741733
88.246865
99.601374
371.990109
309.213726
382.133724
196.643295
181.250107
166.947894
195.670403
158.485683
111.580180
84.634458
308.623897
307.585296
76.739025
343.539669
270.242187
125.198155
157.912969
216.374138
179.536537
147.914474
232.007170
94.882213
273.947045
66.708185
268.861208
160.540895
261.014839
131.982794
72.901848
37.469531
332.583848
264.067083
143.529756
237.625212
338.148564
20.891613
104.590935
131.847775
284.524453
248.240557
23.174970
294.165705
194.275666
271.205037
140.334539
96.456040
101.763382
141.381462
124.358008
52.885736
208.840605
389.748094
304.478346
37.933537
33.121637
71.373844
288.133616
379.206402
135.697610
187.278064
288.645807
98.885735
279.413462
258.566631
243.574558
217.237545
222.369533
126.813936
331.202018
291.171873
85.945613
36.801392
277.083902
97.453740
221.003725
224.119006
233.874774
331.755900
236.887577
133.346796
239.608252
156.695211
152.710341
153.510947
343.625631
226.338644
349.258411
271.387600
187.081234
98.386336
144.551574
83.199747
379.163970
125.751236
159.643000
330.549533
119.364935
337.689571
190.865653
275.848936
155.048163
127.437764
211.354793
174.649121
166.139467
353.143026
163.944366
54.055491
196.199034
145.844704
43.830586
175.283885
282.160111
174.085041
156.005070
228.016236
159.136835
389.459191
185.280131
210.850638
107.067957
215.631405
131.641154
180.273193
157.906141
195.913319
151.035546
204.061853
282.810042
282.713563
381.161325
147.968677
147.418434
11.745408
200.923877
162.799622
316.210113
74.946649
79.794743
186.409751
269.645746
383.405937
168.577954
214.879411
250.694757
217.818352
154.614515
84.032147
244.312317
176.259036
163.240755
339.207665
200.892159
183.844068
89.587325
208.967358
193.581177
243.436497
178.675638
182.800416
50.304806
96.005905
10.689981
174.053447
288.322995
365.742920
108.275633
141.991262
100.771842
335.025204
329.924750
67.527321
376.233130
133.997815
254.685682
367.066855
224.318772
26.460528
244.931903
49.266518
248.305498
177.571833
43.881699
159.640254
160.350292
179.190237
203.346833
268.627677
177.788572
171.151399
365.236205
193.422566
133.525163
94.567845
47.267253
25.396947
103.715542
185.256420
230.850612
163.013504
148.050692
114.446704
171.813836
246.120328
205.593102
369.643575
121.963443
177.386418
316.386009
103.279033
30.550975
168.610591
179.836936
231.458621
193.940317
250.781516
322.180540
66.040210
190.642941
146.104128
150.604210
208.204088
300.769900
224.882459
66.041815
218.069833
228.879414
71.284357
95.624726
296.184449
241.337701
99.265331
156.872288
326.594021
377.891169
207.192413
112.529574
40.508879
100.332101
169.441859
294.315434
280.467175
143.001466
246.020916
118.657389
289.854486
73.094410
94.419342
180.096737
173.311933
319.589650
244.528558
139.393206
68.473898
203.331899
228.882114
357.587920
380.020853
49.602060
124.098919
116.246102
302.268368
266.323430
375.859510
106.167248
252.597078
68.083901
212.230037
153.028936
126.308662
277.735295
103.939289
345.398661
278.077293
215.813498
278.623502
194.843231
304.566093
161.503126
235.320544
91.496766
257.909437
141.017986
162.559790
160.815767
271.340811
98.277857
121.652847
156.437538
203.489478
182.936855
275.752913
174.714308
108.903382
67.878377
192.990619
269.028500
211.331672
266.797967
61.969325
113.470753
283.120091
25.117962
36.639206
186.574855
124.987910
27.754750
241.430467
85.025065
292.469779
250.221091
137.633128
385.184498
44.933782
310.581239
344.271566
98.264694
235.013219
213.542175
80.256136
167.007778
265.060487
361.665698
228.466302
322.070688
257.499327
173.123061
179.225007
158.674801
30.976051
178.169228
176.510308
205.588708
178.229756
196.880063
111.756952
217.964320
172.903717
137.204512
286.841775
320.335704
130.526713
128.174436
41.160013
45.661783
52.252547
100.889930
41.387691
357.157209
291.777198
328.262548
119.128523
383.853817
156.555992
69.543238
99.311184
326.273189
284.451150
134.878797
77.901170
378.406087
161.218120
220.799360
374.799082
336.016370
224.801953
42.602052
140.980288
368.426441
150.892916
191.178024
178.368448
161.956696
340.891708
366.903485
276.706990
263.721213
331.106275
130.541988
295.457991
281.619776
33.821581
281.561737
202.843047
275.455454
83.458801
295.820645
125.325280
183.989343
140.471064
301.255523
197.507154
111.963617
185.213845
182.529003
384.445040
169.187022
173.244165
267.753031
248.116636
195.735429
191.157966
141.046531
