0.000000 0.000409
0.001000 0.004589
0.002000 9.800238
0.003000 8.182327
0.004000 13.347889
0.005000 11.312614
0.006000 16.164210
0.007000 14.293712
0.008000 17.409904
0.009000 16.675567
0.010000 17.543758
0.011000 18.328064
0.012000 17.568644
0.013000 18.989259
0.014000 18.015518
0.015000 18.257343
0.016000 17.921025
0.017000 17.072422
0.018000 17.056666
0.019000 16.166195
0.020000 15.631221
0.021000 15.052525
0.022000 14.253900
0.023000 13.822500
0.024000 13.068058
0.025000 12.571190
0.026000 12.064917
0.027000 11.476400
0.028000 11.022003
0.029000 10.601630
0.030000 10.166442
0.031000 9.839204
0.032000 9.381554
0.033000 8.954232
0.034000 8.673273
0.035000 8.356411
0.036000 8.076136
0.037000 7.826822
0.038000 7.537073
0.039000 7.234250
0.040000 6.973293
0.041000 6.740125
0.042000 6.548625
0.043000 6.347200
0.044000 6.081129
0.045000 5.938421
0.046000 5.756217
0.047000 5.601854
0.048000 5.437182
0.049000 5.257373
0.050000 5.119993
0.051000 4.955178
0.052000 4.808041
0.053000 4.681745
0.054000 4.609485
0.055000 4.454757
0.056000 4.350083
0.057000 4.226242
0.058000 4.123583
0.059000 4.014041
0.060000 3.946857
0.061000 3.852888
0.062000 3.701549
0.063000 3.683596
0.064000 3.552115
0.065000 3.485070
0.066000 3.435722
0.067000 3.327734
0.068000 3.280020
0.069000 3.189344
0.070000 3.130435
0.071000 3.063811
0.072000 3.035710
0.073000 2.950505
0.074000 2.898771
0.075000 2.818633
0.076000 2.743673
0.077000 2.717111
0.078000 2.663588
0.079000 2.560175
0.080000 2.583879
0.081000 2.546666
0.082000 2.438458
0.083000 2.440066
0.084000 2.429789
0.085000 2.325930
0.086000 2.304152
0.087000 2.258415
0.088000 2.208313
0.089000 2.182237
0.090000 2.151824
0.091000 2.131669
0.092000 2.064562
0.093000 2.035600
0.094000 1.993476
0.095000 1.959743
0.096000 1.923923
0.097000 1.902423
0.098000 1.883441
0.099000 1.836815
0.100000 1.820420
0.101000 1.811426
0.102000 1.781865
0.103000 1.744197
0.104000 1.725370
0.105000 1.691983
0.106000 1.678383
0.107000 1.644398
0.108000 1.635205
0.109000 1.596611
0.110000 1.589552
0.111000 1.568925
0.112000 1.549448
0.113000 1.526953
0.114000 1.490335
0.115000 1.488077
0.116000 1.481652
0.117000 1.441816
0.118000 1.425395
0.119000 1.410457
0.120000 1.392042
0.121000 1.369074
0.122000 1.358397
0.123000 1.340796
0.124000 1.348428
0.125000 1.292555
0.126000 1.290532
0.127000 1.263898
0.128000 1.249511
0.129000 1.262969
0.130000 1.224452
0.131000 1.212511
0.132000 1.221219
0.133000 1.213670
0.134000 1.176138
0.135000 1.162656
0.136000 1.144649
0.137000 1.167836
0.138000 1.112505
0.139000 1.121801
0.140000 1.106798
0.141000 1.105318
0.142000 1.091039
0.143000 1.052660
0.144000 1.052437
0.145000 1.038186
0.146000 1.029743
0.147000 1.030108
0.148000 1.018741
0.149000 0.987649
0.150000 0.996120
0.151000 0.983057
0.152000 0.955186
0.153000 0.955080
0.154000 0.983062
0.155000 0.959548
0.156000 0.947869
0.157000 0.924626
0.158000 0.918642
0.159000 0.914135
0.160000 0.900018
0.161000 0.881249
0.162000 0.883121
0.163000 0.869426
0.164000 0.888629
0.165000 0.863806
0.166000 0.846230
0.167000 0.825287
0.168000 0.849718
0.169000 0.832076
0.170000 0.823925
0.171000 0.825610
0.172000 0.801453
0.173000 0.788233
0.174000 0.791730
0.175000 0.773235
0.176000 0.779595
0.177000 0.770845
0.178000 0.773493
0.179000 0.773694
0.180000 0.756948
0.181000 0.764475
0.182000 0.739127
0.183000 0.736106
0.184000 0.738387
0.185000 0.717074
0.186000 0.707299
0.187000 0.707079
0.188000 0.705142
0.189000 0.717067
0.190000 0.687006
0.191000 0.693480
0.192000 0.672570
0.193000 0.695527
0.194000 0.675890
0.195000 0.672174
0.196000 0.682047
0.197000 0.656532
0.198000 0.663813
0.199000 0.654563
0.200000 0.660229
0.201000 0.659018
0.202000 0.641196
0.203000 0.613135
0.204000 0.637383
0.205000 0.623177
0.206000 0.621237
0.207000 0.624717
0.208000 0.608222
0.209000 0.610267
0.210000 0.582954
0.211000 0.597990
0.212000 0.583509
0.213000 0.589044
0.214000 0.594086
0.215000 0.595658
0.216000 0.579241
0.217000 0.587299
0.218000 0.572952
0.219000 0.560038
0.220000 0.564460
0.221000 0.568705
0.222000 0.564116
0.223000 0.554240
0.224000 0.543482
0.225000 0.540011
0.226000 0.545050
0.227000 0.531925
0.228000 0.539677
0.229000 0.530763
0.230000 0.533514
0.231000 0.531260
0.232000 0.523670
0.233000 0.519400
0.234000 0.510971
0.235000 0.506815
0.236000 0.510082
0.237000 0.523022
0.238000 0.512314
0.239000 0.497497
0.240000 0.492065
0.241000 0.499353
0.242000 0.496668
0.243000 0.479987
0.244000 0.497007
0.245000 0.482897
0.246000 0.480787
0.247000 0.472213
0.248000 0.479192
0.249000 0.471331
0.250000 0.478642
0.251000 0.477466
0.252000 0.466997
0.253000 0.465955
0.254000 0.462175
0.255000 0.450342
0.256000 0.464939
0.257000 0.460339
0.258000 0.446244
0.259000 0.451244
0.260000 0.455561
0.261000 0.452449
0.262000 0.440384
0.263000 0.441675
0.264000 0.429541
0.265000 0.438317
0.266000 0.432041
0.267000 0.424670
0.268000 0.430916
0.269000 0.426257
0.270000 0.427612
0.271000 0.432575
0.272000 0.424188
0.273000 0.416156
0.274000 0.422552
0.275000 0.422782
0.276000 0.419350
0.277000 0.417363
0.278000 0.415844
0.279000 0.407496
0.280000 0.397412
0.281000 0.410682
0.282000 0.397762
0.283000 0.401719
0.284000 0.388312
0.285000 0.408900
0.286000 0.404626
0.287000 0.392060
0.288000 0.387476
0.289000 0.392434
0.290000 0.399150
0.291000 0.386543
0.292000 0.383470
0.293000 0.383025
0.294000 0.382719
0.295000 0.381966
0.296000 0.377803
0.297000 0.370599
0.298000 0.368932
0.299000 0.380092
0.300000 0.369949
0.301000 0.363802
0.302000 0.366784
0.303000 0.367085
0.304000 0.372574
0.305000 0.366484
0.306000 0.373145
0.307000 0.371528
0.308000 0.353609
0.309000 0.351031
0.310000 0.358056
0.311000 0.361193
0.312000 0.364773
0.313000 0.346273
0.314000 0.366701
0.315000 0.343761
0.316000 0.346274
0.317000 0.338121
0.318000 0.343727
0.319000 0.350753
0.320000 0.342762
0.321000 0.342528
0.322000 0.346876
0.323000 0.335253
0.324000 0.325928
0.325000 0.342786
0.326000 0.337435
0.327000 0.333120
0.328000 0.338785
0.329000 0.332471
0.330000 0.317199
0.331000 0.323477
0.332000 0.319709
0.333000 0.324807
0.334000 0.334624
0.335000 0.320743
0.336000 0.326728
0.337000 0.317732
0.338000 0.321239
0.339000 0.317996
0.340000 0.311902
0.341000 0.326195
0.342000 0.319278
0.343000 0.309755
0.344000 0.309803
0.345000 0.317597
0.346000 0.312887
0.347000 0.302201
0.348000 0.299830
0.349000 0.311992
0.350000 0.294802
0.351000 0.305051
0.352000 0.311637
0.353000 0.301889
0.354000 0.304395
0.355000 0.308399
0.356000 0.298932
0.357000 0.299779
0.358000 0.295673
0.359000 0.291585
0.360000 0.296197
0.361000 0.296385
0.362000 0.297408
0.363000 0.299980
0.364000 0.288483
0.365000 0.293759
0.366000 0.286928
0.367000 0.279206
0.368000 0.293369
0.369000 0.295956
0.370000 0.285234
0.371000 0.288920
0.372000 0.291843
0.373000 0.280704
0.374000 0.290566
0.375000 0.290180
0.376000 0.283952
0.377000 0.282043
0.378000 0.283716
0.379000 0.277017
0.380000 0.267541
0.381000 0.276611
0.382000 0.277185
0.383000 0.278261
0.384000 0.273833
0.385000 0.266493
0.386000 0.280284
0.387000 0.274938
0.388000 0.261527
0.389000 0.271469
0.390000 0.272818
0.391000 0.269837
0.392000 0.273585
0.393000 0.272178
0.394000 0.262173
0.395000 0.272531
0.396000 0.262648
0.397000 0.263500
0.398000 0.265290
0.399000 0.262784
0.400000 0.259344
0.401000 0.264344
0.402000 0.266531
0.403000 0.260248
0.404000 0.249973
0.405000 0.267616
0.406000 0.257835
0.407000 0.246132
0.408000 0.253635
0.409000 0.259643
0.410000 0.263083
0.411000 0.251061
0.412000 0.244881
0.413000 0.252683
0.414000 0.249016
0.415000 0.257876
0.416000 0.252681
0.417000 0.256704
0.418000 0.242719
0.419000 0.245365
0.420000 0.238923
0.421000 0.245220
0.422000 0.252765
0.423000 0.248581
0.424000 0.246578
0.425000 0.241237
0.426000 0.245093
0.427000 0.244003
0.428000 0.244917
0.429000 0.253833
0.430000 0.245095
0.431000 0.244365
0.432000 0.249512
0.433000 0.237558
0.434000 0.231745
0.435000 0.241531
0.436000 0.244607
0.437000 0.237673
0.438000 0.231770
0.439000 0.235333
0.440000 0.235125
0.441000 0.235739
0.442000 0.232484
0.443000 0.225095
0.444000 0.234852
0.445000 0.231689
0.446000 0.221565
0.447000 0.232983
0.448000 0.232347
0.449000 0.232364
0.450000 0.233075
0.451000 0.237483
0.452000 0.228376
0.453000 0.228092
0.454000 0.229765
0.455000 0.225589
0.456000 0.229606
0.457000 0.224300
0.458000 0.227245
0.459000 0.232297
0.460000 0.233342
0.461000 0.222945
0.462000 0.228408
0.463000 0.229527
0.464000 0.223250
0.465000 0.225944
0.466000 0.211358
0.467000 0.214196
0.468000 0.219084
0.469000 0.222046
0.470000 0.222889
0.471000 0.219116
0.472000 0.222652
0.473000 0.216883
0.474000 0.216594
0.475000 0.226534
0.476000 0.215852
0.477000 0.223546
0.478000 0.215327
0.479000 0.221190
0.480000 0.218603
0.481000 0.212561
0.482000 0.210394
0.483000 0.217501
0.484000 0.218193
0.485000 0.222670
0.486000 0.211524
0.487000 0.210284
0.488000 0.209579
0.489000 0.211959
0.490000 0.208442
0.491000 0.209423
0.492000 0.224631
0.493000 0.221216
0.494000 0.209052
0.495000 0.210711
0.496000 0.216136
0.497000 0.202465
0.498000 0.209175
0.499000 0.206177
0.500000 0.209551
0.501000 0.202224
0.502000 0.201145
0.503000 0.199573
0.504000 0.202593
0.505000 0.207071
0.506000 0.197519
0.507000 0.197941
0.508000 0.204844
0.509000 0.198616
0.510000 0.206266
0.511000 0.206240
0.512000 0.203327
0.513000 0.206392
0.514000 0.190171
0.515000 0.205923
0.516000 0.202509
0.517000 0.208187
0.518000 0.204187
0.519000 0.198622
0.520000 0.192254
0.521000 0.203811
0.522000 0.206896
0.523000 0.198314
0.524000 0.196048
0.525000 0.194770
0.526000 0.193652
0.527000 0.189907
0.528000 0.203505
0.529000 0.199131
0.530000 0.201498
0.531000 0.194607
0.532000 0.191779
0.533000 0.192898
0.534000 0.199572
0.535000 0.188292
0.536000 0.198074
0.537000 0.195830
0.538000 0.186966
0.539000 0.196123
0.540000 0.192927
0.541000 0.192353
0.542000 0.191056
0.543000 0.188015
0.544000 0.203482
0.545000 0.191121
0.546000 0.190308
0.547000 0.189275
0.548000 0.191817
0.549000 0.196144
0.550000 0.187962
0.551000 0.188711
0.552000 0.187824
0.553000 0.192579
0.554000 0.189764
0.555000 0.191726
0.556000 0.186614
0.557000 0.189180
0.558000 0.185616
0.559000 0.178746
0.560000 0.186027
0.561000 0.189544
0.562000 0.182667
0.563000 0.182870
0.564000 0.180176
0.565000 0.186256
0.566000 0.187814
0.567000 0.184864
0.568000 0.184054
0.569000 0.187544
0.570000 0.185162
0.571000 0.184291
0.572000 0.178127
0.573000 0.187572
0.574000 0.181000
0.575000 0.180327
0.576000 0.181410
0.577000 0.180618
0.578000 0.188246
0.579000 0.179071
0.580000 0.181236
0.581000 0.177190
0.582000 0.175889
0.583000 0.179490
0.584000 0.177560
0.585000 0.183815
0.586000 0.188956
0.587000 0.175038
0.588000 0.179458
0.589000 0.175358
0.590000 0.177444
0.591000 0.176598
0.592000 0.183029
0.593000 0.169451
0.594000 0.167085
0.595000 0.175402
0.596000 0.171814
0.597000 0.178710
0.598000 0.176354
0.599000 0.179012
0.600000 0.176749
0.601000 0.172714
0.602000 0.176724
0.603000 0.175437
0.604000 0.171513
0.605000 0.173156
0.606000 0.174334
0.607000 0.179336
0.608000 0.171440
0.609000 0.186445
0.610000 0.174102
0.611000 0.173947
0.612000 0.173355
0.613000 0.173035
0.614000 0.166599
0.615000 0.172179
0.616000 0.177792
0.617000 0.173586
0.618000 0.177681
0.619000 0.170562
0.620000 0.172900
0.621000 0.170977
0.622000 0.167780
0.623000 0.175152
0.624000 0.171292
0.625000 0.173149
0.626000 0.175205
0.627000 0.167888
0.628000 0.167907
0.629000 0.163500
0.630000 0.169772
0.631000 0.169995
0.632000 0.169300
0.633000 0.169603
0.634000 0.165068
0.635000 0.167683
0.636000 0.161274
0.637000 0.160860
0.638000 0.174560
0.639000 0.163817
0.640000 0.160542
0.641000 0.164377
0.642000 0.170557
0.643000 0.162143
0.644000 0.158873
0.645000 0.159191
0.646000 0.163751
0.647000 0.165059
0.648000 0.164263
0.649000 0.165400
0.650000 0.164779
0.651000 0.160573
0.652000 0.163865
0.653000 0.171899
0.654000 0.159199
0.655000 0.158459
0.656000 0.171279
0.657000 0.160097
0.658000 0.165476
0.659000 0.168212
0.660000 0.165604
0.661000 0.167307
0.662000 0.158245
0.663000 0.161369
0.664000 0.167088
0.665000 0.158616
0.666000 0.163956
0.667000 0.157509
0.668000 0.159052
0.669000 0.159237
0.670000 0.154705
0.671000 0.156767
0.672000 0.167602
0.673000 0.164095
0.674000 0.160150
0.675000 0.165056
0.676000 0.159135
0.677000 0.162966
0.678000 0.159230
0.679000 0.157722
0.680000 0.157000
0.681000 0.161921
0.682000 0.157221
0.683000 0.157272
0.684000 0.155724
0.685000 0.162319
0.686000 0.160309
0.687000 0.150956
0.688000 0.155047
0.689000 0.156113
0.690000 0.158154
0.691000 0.154689
0.692000 0.157241
0.693000 0.156874
0.694000 0.156996
0.695000 0.152559
0.696000 0.150727
0.697000 0.151961
0.698000 0.163373
0.699000 0.155460
0.700000 0.151221
0.701000 0.149565
0.702000 0.158590
0.703000 0.151669
0.704000 0.155943
0.705000 0.152696
0.706000 0.150456
0.707000 0.155429
0.708000 0.150523
0.709000 0.149669
0.710000 0.153520
0.711000 0.160513
0.712000 0.160508
0.713000 0.152559
0.714000 0.147253
0.715000 0.142725
0.716000 0.153497
0.717000 0.154672
0.718000 0.152330
0.719000 0.149744
0.720000 0.156038
0.721000 0.151307
0.722000 0.150428
0.723000 0.156842
0.724000 0.147422
0.725000 0.146177
0.726000 0.153469
0.727000 0.154524
0.728000 0.148679
0.729000 0.152096
0.730000 0.148321
0.731000 0.149354
0.732000 0.146839
0.733000 0.159996
0.734000 0.146780
0.735000 0.148353
0.736000 0.147202
0.737000 0.147971
0.738000 0.148592
0.739000 0.144363
0.740000 0.149411
0.741000 0.144013
0.742000 0.143169
0.743000 0.145393
0.744000 0.148977
0.745000 0.146447
0.746000 0.151314
0.747000 0.150083
0.748000 0.149564
0.749000 0.151775
0.750000 0.146388
0.751000 0.154200
0.752000 0.151264
0.753000 0.147011
0.754000 0.141569
0.755000 0.143575
0.756000 0.149461
0.757000 0.149998
0.758000 0.150502
0.759000 0.148794
0.760000 0.146620
0.761000 0.141609
0.762000 0.149306
0.763000 0.151729
0.764000 0.142545
0.765000 0.139548
0.766000 0.150627
0.767000 0.149207
0.768000 0.146035
0.769000 0.145325
0.770000 0.145244
0.771000 0.146577
0.772000 0.142142
0.773000 0.136176
0.774000 0.144796
0.775000 0.147026
0.776000 0.140171
0.777000 0.140825
0.778000 0.140839
0.779000 0.146113
0.780000 0.135317
0.781000 0.139839
0.782000 0.142549
0.783000 0.138882
0.784000 0.144728
0.785000 0.137890
0.786000 0.143638
0.787000 0.136695
0.788000 0.143554
0.789000 0.141556
0.790000 0.141196
0.791000 0.140541
0.792000 0.141974
0.793000 0.143390
0.794000 0.134794
0.795000 0.138794
0.796000 0.142353
0.797000 0.130837
0.798000 0.140055
0.799000 0.145750
0.800000 0.144447
0.801000 0.138257
0.802000 0.138391
0.803000 0.141137
0.804000 0.139038
0.805000 0.140872
0.806000 0.140235
0.807000 0.137381
0.808000 0.144557
0.809000 0.136677
0.810000 0.146563
0.811000 0.137765
0.812000 0.138226
0.813000 0.129609
0.814000 0.139145
0.815000 0.141125
0.816000 0.129624
0.817000 0.141476
0.818000 0.139742
0.819000 0.135938
0.820000 0.134093
0.821000 0.142247
0.822000 0.133311
0.823000 0.143142
0.824000 0.135961
0.825000 0.136154
0.826000 0.134413
0.827000 0.141111
0.828000 0.137189
0.829000 0.136288
0.830000 0.138590
0.831000 0.142171
0.832000 0.131248
0.833000 0.138440
0.834000 0.134543
0.835000 0.136822
0.836000 0.132422
0.837000 0.140735
0.838000 0.138784
0.839000 0.135024
0.840000 0.134189
0.841000 0.128741
0.842000 0.129713
0.843000 0.137477
0.844000 0.131984
0.845000 0.137981
0.846000 0.135536
0.847000 0.135195
0.848000 0.139059
0.849000 0.136826
0.850000 0.137065
0.851000 0.132640
0.852000 0.135252
0.853000 0.129500
0.854000 0.136052
0.855000 0.133160
0.856000 0.130924
0.857000 0.128121
0.858000 0.131593
0.859000 0.131515
0.860000 0.131701
0.861000 0.129317
0.862000 0.131222
0.863000 0.129731
0.864000 0.136171
0.865000 0.136440
0.866000 0.134806
0.867000 0.135529
0.868000 0.134623
0.869000 0.134944
0.870000 0.131943
0.871000 0.127478
0.872000 0.134412
0.873000 0.141075
0.874000 0.128982
0.875000 0.129890
0.876000 0.129651
0.877000 0.130531
0.878000 0.128275
0.879000 0.131693
0.880000 0.132640
0.881000 0.131722
0.882000 0.132396
0.883000 0.131633
0.884000 0.126254
0.885000 0.124865
0.886000 0.126758
0.887000 0.128910
0.888000 0.132748
0.889000 0.130655
0.890000 0.122395
0.891000 0.129470
0.892000 0.132142
0.893000 0.133146
0.894000 0.132064
0.895000 0.127535
0.896000 0.125986
0.897000 0.124383
0.898000 0.130269
0.899000 0.129724
0.900000 0.131085
0.901000 0.131001
0.902000 0.128772
0.903000 0.125673
0.904000 0.126147
0.905000 0.128036
0.906000 0.130182
0.907000 0.128756
0.908000 0.130561
0.909000 0.137283
0.910000 0.130277
0.911000 0.131182
0.912000 0.124578
0.913000 0.126864
0.914000 0.134211
0.915000 0.132166
0.916000 0.124948
0.917000 0.132487
0.918000 0.129993
0.919000 0.116350
0.920000 0.133144
0.921000 0.128993
0.922000 0.131121
0.923000 0.128269
0.924000 0.133070
0.925000 0.127055
0.926000 0.123955
0.927000 0.119384
0.928000 0.124441
0.929000 0.124650
0.930000 0.128681
0.931000 0.121784
0.932000 0.124128
0.933000 0.126807
0.934000 0.125813
0.935000 0.126219
0.936000 0.130722
0.937000 0.123343
0.938000 0.124918
0.939000 0.124046
0.940000 0.126163
0.941000 0.125369
0.942000 0.125391
0.943000 0.131302
0.944000 0.125647
0.945000 0.120374
0.946000 0.124851
0.947000 0.134832
0.948000 0.123647
0.949000 0.126973
0.950000 0.117847
0.951000 0.124292
0.952000 0.125995
0.953000 0.127778
0.954000 0.121346
0.955000 0.126172
0.956000 0.124512
0.957000 0.122511
0.958000 0.119317
0.959000 0.121591
0.960000 0.120506
0.961000 0.124417
0.962000 0.119421
0.963000 0.115270
0.964000 0.126429
0.965000 0.124978
0.966000 0.119438
0.967000 0.123182
0.968000 0.122514
0.969000 0.115758
0.970000 0.125557
0.971000 0.125396
0.972000 0.122282
0.973000 0.117588
0.974000 0.126340
0.975000 0.123682
0.976000 0.119306
0.977000 0.122810
0.978000 0.127496
0.979000 0.120802
0.980000 0.123316
0.981000 0.124206
0.982000 0.127006
0.983000 0.126118
0.984000 0.111167
0.985000 0.120066
0.986000 0.122937
0.987000 0.117588
0.988000 0.112709
0.989000 0.117486
0.990000 0.119740
0.991000 0.117568
0.992000 0.122961
0.993000 0.119954
0.994000 0.116378
0.995000 0.117697
0.996000 0.125270
0.997000 0.121807
0.998000 0.077409
0.999000 0.000502
