0.000000 46.562912
0.001000 93.457962
0.002000 104.055479
0.003000 91.165149
0.004000 71.766732
0.005000 56.466135
0.006000 45.309770
0.007000 37.109998
0.008000 31.034922
0.009000 26.367994
0.010000 22.723924
0.011000 19.762290
0.012000 17.433259
0.013000 15.407413
0.014000 13.720370
0.015000 12.305365
0.016000 11.114943
0.017000 10.083153
0.018000 9.210631
0.019000 8.448620
0.020000 7.831781
0.021000 7.202015
0.022000 6.709532
0.023000 6.229520
0.024000 5.843406
0.025000 5.478374
0.026000 5.142773
0.027000 4.821531
0.028000 4.574392
0.029000 4.320502
0.030000 4.093682
0.031000 3.876533
0.032000 3.679656
0.033000 3.490120
0.034000 3.337021
0.035000 3.205053
0.036000 3.071257
0.037000 2.906020
0.038000 2.789433
0.039000 2.672231
0.040000 2.553914
0.041000 2.466516
0.042000 2.400050
0.043000 2.282757
0.044000 2.205044
0.045000 2.120678
0.046000 2.068333
0.047000 2.004217
0.048000 1.932612
0.049000 1.873071
0.050000 1.811644
0.051000 1.756960
0.052000 1.692359
0.053000 1.635792
0.054000 1.578071
0.055000 1.543318
0.056000 1.511551
0.057000 1.458844
0.058000 1.416453
0.059000 1.375251
0.060000 1.360177
0.061000 1.305033
0.062000 1.264341
0.063000 1.247035
0.064000 1.210268
0.065000 1.177502
0.066000 1.149055
0.067000 1.118675
0.068000 1.102980
0.069000 1.075671
0.070000 1.055118
0.071000 1.027535
0.072000 1.012338
0.073000 0.984216
0.074000 0.957781
0.075000 0.945386
0.076000 0.927305
0.077000 0.906390
0.078000 0.880083
0.079000 0.861213
0.080000 0.850424
0.081000 0.824695
0.082000 0.818326
0.083000 0.803287
0.084000 0.782813
0.085000 0.781235
0.086000 0.758324
0.087000 0.739358
0.088000 0.728451
0.089000 0.707773
0.090000 0.705819
0.091000 0.694300
0.092000 0.674699
0.093000 0.669896
0.094000 0.652154
0.095000 0.648817
0.096000 0.643677
0.097000 0.622604
0.098000 0.624657
0.099000 0.605622
0.100000 0.591410
0.101000 0.587768
0.102000 0.574180
0.103000 0.574592
0.104000 0.558173
0.105000 0.552254
0.106000 0.537315
0.107000 0.546524
0.108000 0.526143
0.109000 0.525931
0.110000 0.519288
0.111000 0.504351
0.112000 0.507867
0.113000 0.486774
0.114000 0.496433
0.115000 0.489322
0.116000 0.479589
0.117000 0.468329
0.118000 0.461745
0.119000 0.450712
0.120000 0.452329
0.121000 0.443222
0.122000 0.437923
0.123000 0.432277
0.124000 0.417103
0.125000 0.409540
0.126000 0.418901
0.127000 0.415900
0.128000 0.403014
0.129000 0.400417
0.130000 0.396556
0.131000 0.390913
0.132000 0.389970
0.133000 0.387275
0.134000 0.375152
0.135000 0.379339
0.136000 0.372831
0.137000 0.365937
0.138000 0.362707
0.139000 0.361524
0.140000 0.349400
0.141000 0.351468
0.142000 0.342191
0.143000 0.338624
0.144000 0.348812
0.145000 0.334892
0.146000 0.329027
0.147000 0.329747
0.148000 0.325301
0.149000 0.319461
0.150000 0.315238
0.151000 0.311189
0.152000 0.314173
0.153000 0.307620
0.154000 0.305526
0.155000 0.301627
0.156000 0.295594
0.157000 0.306059
0.158000 0.291931
0.159000 0.294605
0.160000 0.293649
0.161000 0.288303
0.162000 0.280829
0.163000 0.282023
0.164000 0.275343
0.165000 0.274000
0.166000 0.266188
0.167000 0.274264
0.168000 0.269363
0.169000 0.262338
0.170000 0.261019
0.171000 0.262352
0.172000 0.260773
0.173000 0.252708
0.174000 0.259920
0.175000 0.249445
0.176000 0.242276
0.177000 0.248579
0.178000 0.243404
0.179000 0.239931
0.180000 0.242258
0.181000 0.243180
0.182000 0.243579
0.183000 0.236230
0.184000 0.232240
0.185000 0.233330
0.186000 0.229906
0.187000 0.231037
0.188000 0.228985
0.189000 0.226725
0.190000 0.225477
0.191000 0.216972
0.192000 0.220033
0.193000 0.215258
0.194000 0.211289
0.195000 0.218844
0.196000 0.213550
0.197000 0.217040
0.198000 0.208979
0.199000 0.209964
0.200000 0.209446
0.201000 0.211552
0.202000 0.203248
0.203000 0.201095
0.204000 0.200140
0.205000 0.202290
0.206000 0.197765
0.207000 0.194199
0.208000 0.197750
0.209000 0.197751
0.210000 0.192111
0.211000 0.191744
0.212000 0.192023
0.213000 0.191585
0.214000 0.189158
0.215000 0.187739
0.216000 0.182451
0.217000 0.185661
0.218000 0.184528
0.219000 0.177960
0.220000 0.183378
0.221000 0.183409
0.222000 0.173146
0.223000 0.182413
0.224000 0.171960
0.225000 0.179367
0.226000 0.176555
0.227000 0.177056
0.228000 0.177488
0.229000 0.171212
0.230000 0.169163
0.231000 0.171457
0.232000 0.165081
0.233000 0.171044
0.234000 0.163730
0.235000 0.163225
0.236000 0.164243
0.237000 0.162603
0.238000 0.164333
0.239000 0.158846
0.240000 0.160184
0.241000 0.158365
0.242000 0.160672
0.243000 0.156211
0.244000 0.154550
0.245000 0.154831
0.246000 0.158485
0.247000 0.153240
0.248000 0.149472
0.249000 0.152808
0.250000 0.147274
0.251000 0.148847
0.252000 0.154649
0.253000 0.150810
0.254000 0.147487
0.255000 0.150407
0.256000 0.146961
0.257000 0.146156
0.258000 0.141386
0.259000 0.143365
0.260000 0.140737
0.261000 0.145781
0.262000 0.143165
0.263000 0.143715
0.264000 0.143130
0.265000 0.139367
0.266000 0.143275
0.267000 0.134704
0.268000 0.141387
0.269000 0.134773
0.270000 0.131416
0.271000 0.134526
0.272000 0.134241
0.273000 0.130227
0.274000 0.131167
0.275000 0.131523
0.276000 0.130867
0.277000 0.132194
0.278000 0.135755
0.279000 0.128671
0.280000 0.126100
0.281000 0.129460
0.282000 0.130396
0.283000 0.128118
0.284000 0.125138
0.285000 0.129651
0.286000 0.128318
0.287000 0.126971
0.288000 0.124643
0.289000 0.122280
0.290000 0.123535
0.291000 0.121476
0.292000 0.123775
0.293000 0.121332
0.294000 0.118537
0.295000 0.121555
0.296000 0.121740
0.297000 0.120186
0.298000 0.122945
0.299000 0.118020
0.300000 0.118633
0.301000 0.119229
0.302000 0.114024
0.303000 0.113295
0.304000 0.116928
0.305000 0.120625
0.306000 0.117317
0.307000 0.118712
0.308000 0.112615
0.309000 0.116129
0.310000 0.114830
0.311000 0.112585
0.312000 0.109872
0.313000 0.118008
0.314000 0.112394
0.315000 0.109486
0.316000 0.110609
0.317000 0.109945
0.318000 0.110846
0.319000 0.108133
0.320000 0.109973
0.321000 0.107847
0.322000 0.114292
0.323000 0.107023
0.324000 0.104540
0.325000 0.104534
0.326000 0.109570
0.327000 0.101153
0.328000 0.105860
0.329000 0.106903
0.330000 0.107634
0.331000 0.108991
0.332000 0.104555
0.333000 0.104768
0.334000 0.100868
0.335000 0.100981
0.336000 0.104516
0.337000 0.101316
0.338000 0.103549
0.339000 0.099609
0.340000 0.105626
0.341000 0.101731
0.342000 0.098533
0.343000 0.106876
0.344000 0.101609
0.345000 0.097548
0.346000 0.102215
0.347000 0.099650
0.348000 0.101924
0.349000 0.099164
0.350000 0.097749
0.351000 0.096937
0.352000 0.096847
0.353000 0.093374
0.354000 0.096056
0.355000 0.092780
0.356000 0.098167
0.357000 0.096970
0.358000 0.093523
0.359000 0.095581
0.360000 0.096023
0.361000 0.096085
0.362000 0.094407
0.363000 0.091877
0.364000 0.089900
0.365000 0.093345
0.366000 0.093990
0.367000 0.093484
0.368000 0.093417
0.369000 0.093285
0.370000 0.091452
0.371000 0.090496
0.372000 0.086890
0.373000 0.091458
0.374000 0.091290
0.375000 0.089543
0.376000 0.089265
0.377000 0.088953
0.378000 0.085118
0.379000 0.085741
0.380000 0.085512
0.381000 0.085968
0.382000 0.091411
0.383000 0.085924
0.384000 0.087754
0.385000 0.089464
0.386000 0.087313
0.387000 0.089730
0.388000 0.088030
0.389000 0.087566
0.390000 0.085157
0.391000 0.083603
0.392000 0.086487
0.393000 0.089663
0.394000 0.083769
0.395000 0.083799
0.396000 0.084054
0.397000 0.087075
0.398000 0.085364
0.399000 0.082816
0.400000 0.081801
0.401000 0.084822
0.402000 0.086513
0.403000 0.080002
0.404000 0.077519
0.405000 0.081808
0.406000 0.082305
0.407000 0.080681
0.408000 0.085773
0.409000 0.082238
0.410000 0.080142
0.411000 0.082795
0.412000 0.078557
0.413000 0.078412
0.414000 0.076429
0.415000 0.082047
0.416000 0.082018
0.417000 0.080253
0.418000 0.082456
0.419000 0.077529
0.420000 0.079678
0.421000 0.077431
0.422000 0.079521
0.423000 0.077089
0.424000 0.078253
0.425000 0.079884
0.426000 0.076418
0.427000 0.078307
0.428000 0.078986
0.429000 0.075689
0.430000 0.079021
0.431000 0.075136
0.432000 0.076069
0.433000 0.078440
0.434000 0.075651
0.435000 0.079947
0.436000 0.075381
0.437000 0.076013
0.438000 0.073688
0.439000 0.075929
0.440000 0.075174
0.441000 0.074884
0.442000 0.073663
0.443000 0.075052
0.444000 0.070837
0.445000 0.074409
0.446000 0.073685
0.447000 0.071773
0.448000 0.074419
0.449000 0.074353
0.450000 0.075433
0.451000 0.074891
0.452000 0.071073
0.453000 0.071286
0.454000 0.076328
0.455000 0.074067
0.456000 0.072569
0.457000 0.071175
0.458000 0.072783
0.459000 0.072926
0.460000 0.070662
0.461000 0.071827
0.462000 0.074864
0.463000 0.069601
0.464000 0.068761
0.465000 0.070688
0.466000 0.068788
0.467000 0.068039
0.468000 0.067187
0.469000 0.073528
0.470000 0.072291
0.471000 0.067412
0.472000 0.067709
0.473000 0.068551
0.474000 0.069334
0.475000 0.068244
0.476000 0.068518
0.477000 0.073101
0.478000 0.069401
0.479000 0.071612
0.480000 0.070048
0.481000 0.067346
0.482000 0.069679
0.483000 0.071062
0.484000 0.069777
0.485000 0.069081
0.486000 0.071546
0.487000 0.069371
0.488000 0.068276
0.489000 0.068503
0.490000 0.066655
0.491000 0.070558
0.492000 0.067678
0.493000 0.067097
0.494000 0.066299
0.495000 0.069101
0.496000 0.066777
0.497000 0.064103
0.498000 0.067031
0.499000 0.067439
0.500000 0.065772
0.501000 0.064916
0.502000 0.064708
0.503000 0.065085
0.504000 0.067177
0.505000 0.063604
0.506000 0.063690
0.507000 0.069496
0.508000 0.063116
0.509000 0.068792
0.510000 0.065661
0.511000 0.065528
0.512000 0.067492
0.513000 0.066107
0.514000 0.066550
0.515000 0.066793
0.516000 0.065265
0.517000 0.065650
0.518000 0.063524
0.519000 0.062982
0.520000 0.063511
0.521000 0.061685
0.522000 0.061852
0.523000 0.063684
0.524000 0.063586
0.525000 0.064483
0.526000 0.062224
0.527000 0.061988
0.528000 0.061051
0.529000 0.062807
0.530000 0.060898
0.531000 0.063405
0.532000 0.061245
0.533000 0.064676
0.534000 0.064190
0.535000 0.060203
0.536000 0.062363
0.537000 0.064545
0.538000 0.060306
0.539000 0.062640
0.540000 0.063143
0.541000 0.062450
0.542000 0.060445
0.543000 0.059339
0.544000 0.065530
0.545000 0.063598
0.546000 0.060037
0.547000 0.059989
0.548000 0.058180
0.549000 0.059858
0.550000 0.061634
0.551000 0.061198
0.552000 0.061436
0.553000 0.061225
0.554000 0.059446
0.555000 0.060194
0.556000 0.061825
0.557000 0.060409
0.558000 0.059674
0.559000 0.061238
0.560000 0.060347
0.561000 0.061408
0.562000 0.059011
0.563000 0.058429
0.564000 0.059420
0.565000 0.057380
0.566000 0.059542
0.567000 0.060081
0.568000 0.059902
0.569000 0.058701
0.570000 0.057845
0.571000 0.061648
0.572000 0.061568
0.573000 0.060156
0.574000 0.059079
0.575000 0.057274
0.576000 0.059798
0.577000 0.058973
0.578000 0.057016
0.579000 0.062096
0.580000 0.059755
0.581000 0.059374
0.582000 0.057495
0.583000 0.056021
0.584000 0.056721
0.585000 0.059753
0.586000 0.058119
0.587000 0.055631
0.588000 0.057600
0.589000 0.057586
0.590000 0.055822
0.591000 0.055543
0.592000 0.057600
0.593000 0.058516
0.594000 0.057732
0.595000 0.058404
0.596000 0.056039
0.597000 0.057334
0.598000 0.055163
0.599000 0.058181
0.600000 0.052639
0.601000 0.055070
0.602000 0.057392
0.603000 0.056656
0.604000 0.057784
0.605000 0.060633
0.606000 0.055044
0.607000 0.055916
0.608000 0.057583
0.609000 0.057964
0.610000 0.052427
0.611000 0.055370
0.612000 0.053135
0.613000 0.055011
0.614000 0.053108
0.615000 0.057853
0.616000 0.053855
0.617000 0.056007
0.618000 0.053284
0.619000 0.055342
0.620000 0.053430
0.621000 0.054558
0.622000 0.053483
0.623000 0.053530
0.624000 0.056359
0.625000 0.055850
0.626000 0.053411
0.627000 0.054714
0.628000 0.052695
0.629000 0.057290
0.630000 0.056462
0.631000 0.051345
0.632000 0.053377
0.633000 0.054996
0.634000 0.051630
0.635000 0.053559
0.636000 0.052732
0.637000 0.051184
0.638000 0.055036
0.639000 0.052911
0.640000 0.054680
0.641000 0.051102
0.642000 0.055435
0.643000 0.052048
0.644000 0.056087
0.645000 0.051193
0.646000 0.053261
0.647000 0.052536
0.648000 0.054924
0.649000 0.052017
0.650000 0.053597
0.651000 0.049664
0.652000 0.053323
0.653000 0.051734
0.654000 0.054112
0.655000 0.054210
0.656000 0.054118
0.657000 0.053031
0.658000 0.051620
0.659000 0.049423
0.660000 0.051395
0.661000 0.050712
0.662000 0.049720
0.663000 0.047186
0.664000 0.050482
0.665000 0.055400
0.666000 0.049831
0.667000 0.050978
0.668000 0.050757
0.669000 0.050567
0.670000 0.050425
0.671000 0.050997
0.672000 0.050314
0.673000 0.051712
0.674000 0.052621
0.675000 0.050925
0.676000 0.051737
0.677000 0.051830
0.678000 0.048083
0.679000 0.050205
0.680000 0.054079
0.681000 0.050897
0.682000 0.053221
0.683000 0.049897
0.684000 0.048537
0.685000 0.049877
0.686000 0.050147
0.687000 0.047331
0.688000 0.046538
0.689000 0.048062
0.690000 0.049392
0.691000 0.049652
0.692000 0.049720
0.693000 0.047431
0.694000 0.049964
0.695000 0.048511
0.696000 0.049970
0.697000 0.047455
0.698000 0.052029
0.699000 0.050178
0.700000 0.049868
0.701000 0.049178
0.702000 0.047458
0.703000 0.046650
0.704000 0.047950
0.705000 0.050991
0.706000 0.048844
0.707000 0.049523
0.708000 0.050010
0.709000 0.047098
0.710000 0.049292
0.711000 0.047704
0.712000 0.050568
0.713000 0.048466
0.714000 0.049394
0.715000 0.052956
0.716000 0.044758
0.717000 0.049717
0.718000 0.048023
0.719000 0.047795
0.720000 0.047205
0.721000 0.047230
0.722000 0.048188
0.723000 0.048234
0.724000 0.048999
0.725000 0.046683
0.726000 0.049109
0.727000 0.049109
0.728000 0.048892
0.729000 0.048463
0.730000 0.047077
0.731000 0.046484
0.732000 0.046910
0.733000 0.047836
0.734000 0.047366
0.735000 0.045830
0.736000 0.044906
0.737000 0.048414
0.738000 0.047621
0.739000 0.050854
0.740000 0.047847
0.741000 0.048979
0.742000 0.049519
0.743000 0.047002
0.744000 0.047690
0.745000 0.044934
0.746000 0.048662
0.747000 0.045518
0.748000 0.047563
0.749000 0.051119
0.750000 0.045539
0.751000 0.046660
0.752000 0.049693
0.753000 0.045015
0.754000 0.045748
0.755000 0.044525
0.756000 0.046133
0.757000 0.047704
0.758000 0.047499
0.759000 0.045466
0.760000 0.046156
0.761000 0.041414
0.762000 0.044101
0.763000 0.045819
0.764000 0.046164
0.765000 0.045463
0.766000 0.045124
0.767000 0.044691
0.768000 0.050996
0.769000 0.044000
0.770000 0.044129
0.771000 0.046944
0.772000 0.045418
0.773000 0.046042
0.774000 0.046366
0.775000 0.043409
0.776000 0.047278
0.777000 0.047125
0.778000 0.046805
0.779000 0.046732
0.780000 0.046997
0.781000 0.045486
0.782000 0.044789
0.783000 0.043775
0.784000 0.044662
0.785000 0.046577
0.786000 0.042192
0.787000 0.045514
0.788000 0.046283
0.789000 0.046185
0.790000 0.046397
0.791000 0.044365
0.792000 0.045823
0.793000 0.042716
0.794000 0.043794
0.795000 0.044406
0.796000 0.043734
0.797000 0.044010
0.798000 0.044238
0.799000 0.046979
0.800000 0.044401
0.801000 0.041903
0.802000 0.044448
0.803000 0.044370
0.804000 0.043381
0.805000 0.043749
0.806000 0.045246
0.807000 0.046378
0.808000 0.044638
0.809000 0.042911
0.810000 0.044680
0.811000 0.044473
0.812000 0.040968
0.813000 0.045342
0.814000 0.044254
0.815000 0.044937
0.816000 0.042482
0.817000 0.046154
0.818000 0.042504
0.819000 0.043992
0.820000 0.042777
0.821000 0.043294
0.822000 0.041972
0.823000 0.045337
0.824000 0.042853
0.825000 0.041500
0.826000 0.043881
0.827000 0.044053
0.828000 0.044277
0.829000 0.042108
0.830000 0.042668
0.831000 0.042001
0.832000 0.043317
0.833000 0.043241
0.834000 0.039826
0.835000 0.042970
0.836000 0.044222
0.837000 0.042737
0.838000 0.043354
0.839000 0.042069
0.840000 0.043521
0.841000 0.042337
0.842000 0.042654
0.843000 0.043916
0.844000 0.044663
0.845000 0.045293
0.846000 0.042017
0.847000 0.043425
0.848000 0.043770
0.849000 0.045768
0.850000 0.044866
0.851000 0.043241
0.852000 0.041409
0.853000 0.043454
0.854000 0.043386
0.855000 0.041507
0.856000 0.041445
0.857000 0.043531
0.858000 0.042907
0.859000 0.045364
0.860000 0.041829
0.861000 0.045333
0.862000 0.040558
0.863000 0.040948
0.864000 0.040914
0.865000 0.041779
0.866000 0.042639
0.867000 0.042805
0.868000 0.042509
0.869000 0.039924
0.870000 0.040952
0.871000 0.040763
0.872000 0.041051
0.873000 0.041982
0.874000 0.040410
0.875000 0.041377
0.876000 0.040669
0.877000 0.044012
0.878000 0.041733
0.879000 0.041919
0.880000 0.043182
0.881000 0.040494
0.882000 0.041857
0.883000 0.040868
0.884000 0.041294
0.885000 0.041813
0.886000 0.042051
0.887000 0.041497
0.888000 0.041440
0.889000 0.041928
0.890000 0.040574
0.891000 0.040488
0.892000 0.041940
0.893000 0.040970
0.894000 0.042342
0.895000 0.040420
0.896000 0.042272
0.897000 0.039412
0.898000 0.042018
0.899000 0.043027
0.900000 0.040673
0.901000 0.040468
0.902000 0.040211
0.903000 0.042081
0.904000 0.042356
0.905000 0.040662
0.906000 0.042096
0.907000 0.039424
0.908000 0.042353
0.909000 0.040613
0.910000 0.037909
0.911000 0.040104
0.912000 0.041758
0.913000 0.038530
0.914000 0.039999
0.915000 0.043106
0.916000 0.039856
0.917000 0.040404
0.918000 0.042261
0.919000 0.041757
0.920000 0.040846
0.921000 0.040400
0.922000 0.038624
0.923000 0.039692
0.924000 0.039950
0.925000 0.039782
0.926000 0.041732
0.927000 0.040973
0.928000 0.038275
0.929000 0.039929
0.930000 0.038944
0.931000 0.040868
0.932000 0.041921
0.933000 0.039443
0.934000 0.040234
0.935000 0.042362
0.936000 0.039886
0.937000 0.041407
0.938000 0.041401
0.939000 0.040560
0.940000 0.040048
0.941000 0.042496
0.942000 0.040164
0.943000 0.037092
0.944000 0.037636
0.945000 0.038522
0.946000 0.038480
0.947000 0.041196
0.948000 0.041388
0.949000 0.039118
0.950000 0.034933
0.951000 0.042144
0.952000 0.039672
0.953000 0.040568
0.954000 0.041587
0.955000 0.040972
0.956000 0.039064
0.957000 0.041344
0.958000 0.041997
0.959000 0.038485
0.960000 0.039271
0.961000 0.039195
0.962000 0.040212
0.963000 0.038446
0.964000 0.038549
0.965000 0.039221
0.966000 0.038309
0.967000 0.036472
0.968000 0.036740
0.969000 0.040132
0.970000 0.039583
0.971000 0.036892
0.972000 0.037046
0.973000 0.038930
0.974000 0.041419
0.975000 0.039119
0.976000 0.038074
0.977000 0.037874
0.978000 0.038787
0.979000 0.037161
0.980000 0.037675
0.981000 0.039099
0.982000 0.041056
0.983000 0.040088
0.984000 0.036994
0.985000 0.036932
0.986000 0.039055
0.987000 0.039802
0.988000 0.036792
0.989000 0.040416
0.990000 0.040506
0.991000 0.040829
0.992000 0.040383
0.993000 0.026506
0.994000 0.000000
0.995000 0.000000
0.996000 0.000000
0.997000 0.000000
0.998000 0.000000
0.999000 0.000542
