0.000000 473.334453
0.001000 186.425721
0.002000 76.965253
0.003000 43.752633
0.004000 28.881368
0.005000 20.710998
0.006000 15.799678
0.007000 12.488792
0.008000 10.183886
0.009000 8.507949
0.010000 7.174307
0.011000 6.207126
0.012000 5.401695
0.013000 4.798459
0.014000 4.246160
0.015000 3.818746
0.016000 3.437136
0.017000 3.127692
0.018000 2.858948
0.019000 2.631384
0.020000 2.424584
0.021000 2.238299
0.022000 2.089388
0.023000 1.940701
0.024000 1.805099
0.025000 1.689446
0.026000 1.589329
0.027000 1.488937
0.028000 1.410751
0.029000 1.325591
0.030000 1.266732
0.031000 1.201443
0.032000 1.137295
0.033000 1.086972
0.034000 1.035153
0.035000 0.992134
0.036000 0.946871
0.037000 0.898720
0.038000 0.864917
0.039000 0.835302
0.040000 0.797087
0.041000 0.766605
0.042000 0.736902
0.043000 0.707645
0.044000 0.688316
0.045000 0.651368
0.046000 0.638806
0.047000 0.612216
0.048000 0.596907
0.049000 0.574959
0.050000 0.559054
0.051000 0.536352
0.052000 0.521388
0.053000 0.509639
0.054000 0.491161
0.055000 0.476484
0.056000 0.464726
0.057000 0.451807
0.058000 0.443911
0.059000 0.427641
0.060000 0.422983
0.061000 0.408019
0.062000 0.398064
0.063000 0.375747
0.064000 0.378403
0.065000 0.358531
0.066000 0.356690
0.067000 0.353714
0.068000 0.346531
0.069000 0.338605
0.070000 0.322352
0.071000 0.320772
0.072000 0.311912
0.073000 0.304926
0.074000 0.293862
0.075000 0.289672
0.076000 0.284319
0.077000 0.274860
0.078000 0.273376
0.079000 0.268162
0.080000 0.260755
0.081000 0.260000
0.082000 0.253742
0.083000 0.250360
0.084000 0.243209
0.085000 0.238396
0.086000 0.234773
0.087000 0.233197
0.088000 0.227035
0.089000 0.223834
0.090000 0.217731
0.091000 0.216679
0.092000 0.215359
0.093000 0.208247
0.094000 0.204763
0.095000 0.196851
0.096000 0.195337
0.097000 0.194135
0.098000 0.191577
0.099000 0.186755
0.100000 0.184533
0.101000 0.182231
0.102000 0.183412
0.103000 0.178425
0.104000 0.177423
0.105000 0.172483
0.106000 0.164907
0.107000 0.168497
0.108000 0.160280
0.109000 0.163381
0.110000 0.156644
0.111000 0.156077
0.112000 0.156754
0.113000 0.153631
0.114000 0.151696
0.115000 0.146817
0.116000 0.147828
0.117000 0.139829
0.118000 0.141432
0.119000 0.142118
0.120000 0.139664
0.121000 0.138177
0.122000 0.134148
0.123000 0.135845
0.124000 0.133928
0.125000 0.130151
0.126000 0.127053
0.127000 0.128745
0.128000 0.124678
0.129000 0.126556
0.130000 0.122600
0.131000 0.118064
0.132000 0.119445
0.133000 0.118431
0.134000 0.116056
0.135000 0.117801
0.136000 0.114920
0.137000 0.112262
0.138000 0.112284
0.139000 0.111449
0.140000 0.109029
0.141000 0.110142
0.142000 0.108406
0.143000 0.105149
0.144000 0.103928
0.145000 0.103953
0.146000 0.103664
0.147000 0.102251
0.148000 0.100058
0.149000 0.097537
0.150000 0.099410
0.151000 0.096832
0.152000 0.098601
0.153000 0.093561
0.154000 0.092053
0.155000 0.093320
0.156000 0.094781
0.157000 0.092093
0.158000 0.091072
0.159000 0.089987
0.160000 0.090309
0.161000 0.089897
0.162000 0.089163
0.163000 0.088695
0.164000 0.084848
0.165000 0.086270
0.166000 0.083918
0.167000 0.085567
0.168000 0.084666
0.169000 0.079816
0.170000 0.084843
0.171000 0.081156
0.172000 0.080311
0.173000 0.079714
0.174000 0.078413
0.175000 0.076061
0.176000 0.075553
0.177000 0.074599
0.178000 0.076215
0.179000 0.076027
0.180000 0.073645
0.181000 0.072255
0.182000 0.073183
0.183000 0.070994
0.184000 0.073572
0.185000 0.070910
0.186000 0.073035
0.187000 0.071363
0.188000 0.070663
0.189000 0.071751
0.190000 0.070780
0.191000 0.067342
0.192000 0.068384
0.193000 0.068793
0.194000 0.066036
0.195000 0.066463
0.196000 0.066877
0.197000 0.065580
0.198000 0.064779
0.199000 0.065913
0.200000 0.064091
0.201000 0.064617
0.202000 0.062303
0.203000 0.062838
0.204000 0.062354
0.205000 0.063260
0.206000 0.062376
0.207000 0.061768
0.208000 0.061645
0.209000 0.061068
0.210000 0.060104
0.211000 0.060707
0.212000 0.062117
0.213000 0.058636
0.214000 0.058463
0.215000 0.057266
0.216000 0.056943
0.217000 0.055252
0.218000 0.059142
0.219000 0.057094
0.220000 0.055650
0.221000 0.055738
0.222000 0.055409
0.223000 0.055611
0.224000 0.055181
0.225000 0.053977
0.226000 0.055741
0.227000 0.054518
0.228000 0.054726
0.229000 0.054320
0.230000 0.052405
0.231000 0.053531
0.232000 0.052874
0.233000 0.052886
0.234000 0.051714
0.235000 0.050445
0.236000 0.051392
0.237000 0.050182
0.238000 0.049730
0.239000 0.050520
0.240000 0.050683
0.241000 0.049691
0.242000 0.048168
0.243000 0.049633
0.244000 0.047990
0.245000 0.049606
0.246000 0.047796
0.247000 0.047410
0.248000 0.049803
0.249000 0.046498
0.250000 0.044017
0.251000 0.047084
0.252000 0.046545
0.253000 0.045726
0.254000 0.046419
0.255000 0.045043
0.256000 0.046646
0.257000 0.044122
0.258000 0.043715
0.259000 0.043094
0.260000 0.043410
0.261000 0.042634
0.262000 0.042908
0.263000 0.042807
0.264000 0.043435
0.265000 0.043002
0.266000 0.042214
0.267000 0.042701
0.268000 0.042919
0.269000 0.041824
0.270000 0.043684
0.271000 0.041162
0.272000 0.040302
0.273000 0.042855
0.274000 0.042930
0.275000 0.040128
0.276000 0.039812
0.277000 0.041972
0.278000 0.040619
0.279000 0.042573
0.280000 0.038263
0.281000 0.039784
0.282000 0.038765
0.283000 0.039833
0.284000 0.038877
0.285000 0.040728
0.286000 0.040808
0.287000 0.039426
0.288000 0.038377
0.289000 0.038537
0.290000 0.039012
0.291000 0.037115
0.292000 0.036285
0.293000 0.037674
0.294000 0.038988
0.295000 0.038317
0.296000 0.036018
0.297000 0.038131
0.298000 0.037870
0.299000 0.038966
0.300000 0.036328
0.301000 0.037447
0.302000 0.036317
0.303000 0.036182
0.304000 0.036637
0.305000 0.034653
0.306000 0.036020
0.307000 0.038144
0.308000 0.034726
0.309000 0.035120
0.310000 0.035655
0.311000 0.034173
0.312000 0.035200
0.313000 0.035304
0.314000 0.034590
0.315000 0.034375
0.316000 0.034103
0.317000 0.034822
0.318000 0.035025
0.319000 0.036085
0.320000 0.033956
0.321000 0.032650
0.322000 0.033496
0.323000 0.031834
0.324000 0.032938
0.325000 0.031873
0.326000 0.033191
0.327000 0.032244
0.328000 0.032699
0.329000 0.033306
0.330000 0.032828
0.331000 0.034846
0.332000 0.032416
0.333000 0.031664
0.334000 0.032138
0.335000 0.033267
0.336000 0.031438
0.337000 0.032247
0.338000 0.028206
0.339000 0.031515
0.340000 0.031674
0.341000 0.030748
0.342000 0.030449
0.343000 0.032783
0.344000 0.030798
0.345000 0.031078
0.346000 0.031246
0.347000 0.030282
0.348000 0.033511
0.349000 0.030868
0.350000 0.030317
0.351000 0.030042
0.352000 0.029876
0.353000 0.029784
0.354000 0.029695
0.355000 0.029472
0.356000 0.031444
0.357000 0.028842
0.358000 0.029998
0.359000 0.029655
0.360000 0.030594
0.361000 0.029195
0.362000 0.029836
0.363000 0.028676
0.364000 0.030568
0.365000 0.029225
0.366000 0.030959
0.367000 0.029954
0.368000 0.028189
0.369000 0.027255
0.370000 0.029636
0.371000 0.028778
0.372000 0.027288
0.373000 0.027370
0.374000 0.027538
0.375000 0.028010
0.376000 0.027082
0.377000 0.027524
0.378000 0.027469
0.379000 0.028257
0.380000 0.027382
0.381000 0.027337
0.382000 0.028679
0.383000 0.027310
0.384000 0.027484
0.385000 0.026326
0.386000 0.028814
0.387000 0.026713
0.388000 0.027991
0.389000 0.025460
0.390000 0.027880
0.391000 0.027765
0.392000 0.025954
0.393000 0.027181
0.394000 0.027384
0.395000 0.027030
0.396000 0.026275
0.397000 0.027159
0.398000 0.026200
0.399000 0.027385
0.400000 0.025164
0.401000 0.025551
0.402000 0.026130
0.403000 0.025566
0.404000 0.025717
0.405000 0.026378
0.406000 0.024899
0.407000 0.025361
0.408000 0.025700
0.409000 0.026651
0.410000 0.024894
0.411000 0.025968
0.412000 0.023215
0.413000 0.025053
0.414000 0.025371
0.415000 0.024978
0.416000 0.024863
0.417000 0.025652
0.418000 0.025164
0.419000 0.025040
0.420000 0.022803
0.421000 0.024982
0.422000 0.024244
0.423000 0.025024
0.424000 0.024742
0.425000 0.023262
0.426000 0.024951
0.427000 0.024887
0.428000 0.023916
0.429000 0.025906
0.430000 0.024529
0.431000 0.023145
0.432000 0.025117
0.433000 0.024240
0.434000 0.025118
0.435000 0.022782
0.436000 0.022802
0.437000 0.024026
0.438000 0.022891
0.439000 0.023979
0.440000 0.023809
0.441000 0.024463
0.442000 0.023523
0.443000 0.024481
0.444000 0.023291
0.445000 0.022002
0.446000 0.023026
0.447000 0.023630
0.448000 0.022862
0.449000 0.024437
0.450000 0.022081
0.451000 0.022885
0.452000 0.023575
0.453000 0.024036
0.454000 0.022177
0.455000 0.021788
0.456000 0.021777
0.457000 0.021591
0.458000 0.024652
0.459000 0.022950
0.460000 0.022942
0.461000 0.023807
0.462000 0.022398
0.463000 0.022284
0.464000 0.021964
0.465000 0.024071
0.466000 0.021786
0.467000 0.023937
0.468000 0.021222
0.469000 0.021681
0.470000 0.022040
0.471000 0.022722
0.472000 0.021426
0.473000 0.019920
0.474000 0.020851
0.475000 0.021581
0.476000 0.022390
0.477000 0.020905
0.478000 0.020972
0.479000 0.021882
0.480000 0.020440
0.481000 0.021024
0.482000 0.021292
0.483000 0.022164
0.484000 0.022309
0.485000 0.021264
0.486000 0.021354
0.487000 0.022046
0.488000 0.020408
0.489000 0.020982
0.490000 0.021200
0.491000 0.022378
0.492000 0.021683
0.493000 0.020913
0.494000 0.021622
0.495000 0.021283
0.496000 0.021162
0.497000 0.021292
0.498000 0.021043
0.499000 0.020504
0.500000 0.019531
0.501000 0.020736
0.502000 0.020947
0.503000 0.020901
0.504000 0.019276
0.505000 0.021199
0.506000 0.020834
0.507000 0.020035
0.508000 0.020971
0.509000 0.019163
0.510000 0.021124
0.511000 0.020387
0.512000 0.018723
0.513000 0.018801
0.514000 0.019980
0.515000 0.020174
0.516000 0.020461
0.517000 0.018953
0.518000 0.020814
0.519000 0.019722
0.520000 0.021549
0.521000 0.019052
0.522000 0.019435
0.523000 0.019995
0.524000 0.019909
0.525000 0.019201
0.526000 0.020281
0.527000 0.020372
0.528000 0.017877
0.529000 0.019851
0.530000 0.018639
0.531000 0.018388
0.532000 0.019619
0.533000 0.019814
0.534000 0.019232
0.535000 0.020268
0.536000 0.018067
0.537000 0.019221
0.538000 0.019251
0.539000 0.019047
0.540000 0.020172
0.541000 0.019789
0.542000 0.018830
0.543000 0.018938
0.544000 0.019118
0.545000 0.019305
0.546000 0.019337
0.547000 0.019125
0.548000 0.019110
0.549000 0.019059
0.550000 0.017844
0.551000 0.018681
0.552000 0.018053
0.553000 0.016570
0.554000 0.018704
0.555000 0.017979
0.556000 0.019481
0.557000 0.017493
0.558000 0.019304
0.559000 0.018049
0.560000 0.017768
0.561000 0.019188
0.562000 0.017966
0.563000 0.017842
0.564000 0.018601
0.565000 0.017815
0.566000 0.017801
0.567000 0.018361
0.568000 0.017347
0.569000 0.018152
0.570000 0.019956
0.571000 0.018826
0.572000 0.018635
0.573000 0.018903
0.574000 0.017152
0.575000 0.018844
0.576000 0.017704
0.577000 0.018223
0.578000 0.018284
0.579000 0.017851
0.580000 0.016608
0.581000 0.018955
0.582000 0.018094
0.583000 0.018175
0.584000 0.017795
0.585000 0.017530
0.586000 0.016767
0.587000 0.017582
0.588000 0.017766
0.589000 0.017270
0.590000 0.016713
0.591000 0.016968
0.592000 0.018226
0.593000 0.018113
0.594000 0.016881
0.595000 0.017691
0.596000 0.017885
0.597000 0.017224
0.598000 0.018629
0.599000 0.017330
0.600000 0.017426
0.601000 0.017154
0.602000 0.017134
0.603000 0.017367
0.604000 0.016921
0.605000 0.017287
0.606000 0.017651
0.607000 0.015983
0.608000 0.017413
0.609000 0.016848
0.610000 0.017137
0.611000 0.016426
0.612000 0.016622
0.613000 0.018410
0.614000 0.016202
0.615000 0.016622
0.616000 0.018004
0.617000 0.017469
0.618000 0.017536
0.619000 0.017280
0.620000 0.017452
0.621000 0.018530
0.622000 0.016841
0.623000 0.016559
0.624000 0.017553
0.625000 0.015578
0.626000 0.015839
0.627000 0.017000
0.628000 0.018068
0.629000 0.015726
0.630000 0.017330
0.631000 0.016839
0.632000 0.016724
0.633000 0.016618
0.634000 0.016111
0.635000 0.016544
0.636000 0.017220
0.637000 0.016861
0.638000 0.014933
0.639000 0.015375
0.640000 0.016753
0.641000 0.015767
0.642000 0.017999
0.643000 0.016860
0.644000 0.016177
0.645000 0.016730
0.646000 0.017011
0.647000 0.015275
0.648000 0.015583
0.649000 0.015625
0.650000 0.016436
0.651000 0.016048
0.652000 0.015764
0.653000 0.016831
0.654000 0.015898
0.655000 0.016420
0.656000 0.017403
0.657000 0.014817
0.658000 0.016349
0.659000 0.016043
0.660000 0.016909
0.661000 0.015600
0.662000 0.015789
0.663000 0.015233
0.664000 0.015423
0.665000 0.014654
0.666000 0.015687
0.667000 0.016797
0.668000 0.015543
0.669000 0.015755
0.670000 0.017214
0.671000 0.015896
0.672000 0.014637
0.673000 0.016160
0.674000 0.015468
0.675000 0.016215
0.676000 0.016359
0.677000 0.016223
0.678000 0.016122
0.679000 0.015349
0.680000 0.014830
0.681000 0.014915
0.682000 0.015770
0.683000 0.014855
0.684000 0.015507
0.685000 0.015443
0.686000 0.016297
0.687000 0.015460
0.688000 0.017382
0.689000 0.014517
0.690000 0.015560
0.691000 0.015595
0.692000 0.013958
0.693000 0.016738
0.694000 0.014629
0.695000 0.015480
0.696000 0.015642
0.697000 0.014309
0.698000 0.015166
0.699000 0.015347
0.700000 0.016061
0.701000 0.016174
0.702000 0.015677
0.703000 0.015408
0.704000 0.014359
0.705000 0.016657
0.706000 0.015449
0.707000 0.015389
0.708000 0.015706
0.709000 0.016228
0.710000 0.015498
0.711000 0.015131
0.712000 0.014118
0.713000 0.016266
0.714000 0.014551
0.715000 0.014806
0.716000 0.015204
0.717000 0.015822
0.718000 0.015198
0.719000 0.014285
0.720000 0.014496
0.721000 0.014710
0.722000 0.014940
0.723000 0.014608
0.724000 0.016010
0.725000 0.013742
0.726000 0.014381
0.727000 0.015915
0.728000 0.014633
0.729000 0.014301
0.730000 0.014408
0.731000 0.015300
0.732000 0.015120
0.733000 0.013541
0.734000 0.013951
0.735000 0.015716
0.736000 0.014908
0.737000 0.015240
0.738000 0.014068
0.739000 0.013669
0.740000 0.014535
0.741000 0.015657
0.742000 0.014931
0.743000 0.014478
0.744000 0.013871
0.745000 0.013980
0.746000 0.014637
0.747000 0.014225
0.748000 0.014841
0.749000 0.015317
0.750000 0.014706
0.751000 0.014300
0.752000 0.014616
0.753000 0.014288
0.754000 0.013985
0.755000 0.014099
0.756000 0.014263
0.757000 0.014880
0.758000 0.014100
0.759000 0.014805
0.760000 0.014395
0.761000 0.013625
0.762000 0.014252
0.763000 0.014007
0.764000 0.013846
0.765000 0.014711
0.766000 0.015294
0.767000 0.014192
0.768000 0.015031
0.769000 0.013271
0.770000 0.013610
0.771000 0.013943
0.772000 0.014320
0.773000 0.013329
0.774000 0.014269
0.775000 0.014321
0.776000 0.014410
0.777000 0.014176
0.778000 0.013517
0.779000 0.014514
0.780000 0.013379
0.781000 0.015857
0.782000 0.015014
0.783000 0.013946
0.784000 0.014686
0.785000 0.013500
0.786000 0.014447
0.787000 0.013215
0.788000 0.013487
0.789000 0.013391
0.790000 0.014629
0.791000 0.014355
0.792000 0.014108
0.793000 0.013486
0.794000 0.015129
0.795000 0.014379
0.796000 0.015573
0.797000 0.013614
0.798000 0.013235
0.799000 0.014321
0.800000 0.013637
0.801000 0.014204
0.802000 0.014525
0.803000 0.014025
0.804000 0.015686
0.805000 0.012910
0.806000 0.013206
0.807000 0.013253
0.808000 0.013195
0.809000 0.014679
0.810000 0.013652
0.811000 0.013836
0.812000 0.013361
0.813000 0.014281
0.814000 0.014150
0.815000 0.014615
0.816000 0.014666
0.817000 0.014364
0.818000 0.013532
0.819000 0.013476
0.820000 0.013544
0.821000 0.013657
0.822000 0.014142
0.823000 0.012740
0.824000 0.013006
0.825000 0.012223
0.826000 0.013294
0.827000 0.013026
0.828000 0.014275
0.829000 0.013163
0.830000 0.013796
0.831000 0.014597
0.832000 0.013671
0.833000 0.013121
0.834000 0.013121
0.835000 0.014322
0.836000 0.013135
0.837000 0.013257
0.838000 0.013142
0.839000 0.012853
0.840000 0.014969
0.841000 0.013532
0.842000 0.014344
0.843000 0.012533
0.844000 0.013047
0.845000 0.013516
0.846000 0.014105
0.847000 0.012148
0.848000 0.013129
0.849000 0.013020
0.850000 0.013679
0.851000 0.012579
0.852000 0.012988
0.853000 0.013057
0.854000 0.013240
0.855000 0.011907
0.856000 0.013629
0.857000 0.014380
0.858000 0.013456
0.859000 0.013451
0.860000 0.013051
0.861000 0.013040
0.862000 0.013639
0.863000 0.012650
0.864000 0.012596
0.865000 0.013112
0.866000 0.012866
0.867000 0.012533
0.868000 0.013269
0.869000 0.012802
0.870000 0.013113
0.871000 0.013089
0.872000 0.012244
0.873000 0.013389
0.874000 0.013215
0.875000 0.013905
0.876000 0.013331
0.877000 0.012497
0.878000 0.013065
0.879000 0.013262
0.880000 0.012946
0.881000 0.012626
0.882000 0.013221
0.883000 0.013937
0.884000 0.014326
0.885000 0.011842
0.886000 0.012041
0.887000 0.011449
0.888000 0.014264
0.889000 0.014035
0.890000 0.012881
0.891000 0.013449
0.892000 0.011794
0.893000 0.013220
0.894000 0.012800
0.895000 0.013210
0.896000 0.014515
0.897000 0.013262
0.898000 0.013270
0.899000 0.013143
0.900000 0.012273
0.901000 0.013113
0.902000 0.014854
0.903000 0.013472
0.904000 0.012883
0.905000 0.013252
0.906000 0.013332
0.907000 0.013329
0.908000 0.012416
0.909000 0.012285
0.910000 0.013254
0.911000 0.013447
0.912000 0.012798
0.913000 0.012557
0.914000 0.012579
0.915000 0.012653
0.916000 0.013112
0.917000 0.013322
0.918000 0.012645
0.919000 0.012240
0.920000 0.012297
0.921000 0.012782
0.922000 0.011672
0.923000 0.011960
0.924000 0.012672
0.925000 0.013011
0.926000 0.012668
0.927000 0.012189
0.928000 0.012742
0.929000 0.012482
0.930000 0.012994
0.931000 0.011998
0.932000 0.011786
0.933000 0.013887
0.934000 0.013190
0.935000 0.012480
0.936000 0.013017
0.937000 0.012536
0.938000 0.012300
0.939000 0.012880
0.940000 0.012706
0.941000 0.013246
0.942000 0.011825
0.943000 0.012741
0.944000 0.012345
0.945000 0.013293
0.946000 0.013766
0.947000 0.013418
0.948000 0.011856
0.949000 0.012820
0.950000 0.012672
0.951000 0.012770
0.952000 0.011958
0.953000 0.012404
0.954000 0.013096
0.955000 0.011975
0.956000 0.012273
0.957000 0.013022
0.958000 0.013362
0.959000 0.013085
0.960000 0.012205
0.961000 0.012890
0.962000 0.012247
0.963000 0.013677
0.964000 0.012875
0.965000 0.014201
0.966000 0.014111
0.967000 0.014630
0.968000 0.013796
0.969000 0.013412
0.970000 0.006644
0.971000 0.000000
0.972000 0.000000
0.973000 0.000000
0.974000 0.000000
0.975000 0.000000
0.976000 0.000000
0.977000 0.000000
0.978000 0.000000
0.979000 0.000000
0.980000 0.000000
0.981000 0.000000
0.982000 0.000000
0.983000 0.000000
0.984000 0.000000
0.985000 0.000000
0.986000 0.000000
0.987000 0.000000
0.988000 0.000000
0.989000 0.000000
0.990000 0.000000
0.991000 0.000000
0.992000 0.000000
0.993000 0.000000
0.994000 0.000000
0.995000 0.000000
0.996000 0.000000
0.997000 0.000000
0.998000 0.000000
0.999000 0.000232
